0 0.5328125 0.6625 0.1375 0.4
0 0.74609375 0.64921875 0.1796875 0.4421875
0 0.23046875 0.625 0.1390625 0.425
0 0.3015625 0.615625 0.090625 0.415625
0 0.38984375 0.659375 0.1515625 0.465625
0 0.675 0.65859375 0.1 0.4109375
1 0.54921875 0.4859375 0.0578125 0.04375
1 0.371875 0.45 0.0625 0.046875
1 0.75625 0.45546875 0.075 0.0546875
1 0.69375 0.475 0.059375 0.04375
1 0.25546875 0.434375 0.0609375 0.04375
1 0.29609375 0.425 0.0453125 0.034375
5 0.54296875 0.84921875 0.0484375 0.0265625
5 0.3953125 0.87421875 0.0375 0.0390625
5 0.496875 0.840625 0.025 0.03125
5 0.66484375 0.846875 0.0265625 0.034375
5 0.30546875 0.80859375 0.0203125 0.0234375
