0 0.7416851441241685 0.195 0.11751662971175167 0.37
0 0.2328159645232816 0.4266666666666667 0.1197339246119734 0.28
0 0.5565410199556541 0.29 0.08869179600886919 0.25333333333333335
1 0.7184035476718403 0.041666666666666664 0.03991130820399113 0.056666666666666664
1 0.5831485587583148 0.18 0.026607538802660754 0.03333333333333333
1 0.2017738359201774 0.3516666666666667 0.05321507760532151 0.09
2 0.7926829268292683 0.19833333333333333 0.015521064301552107 0.03
2 0.22172949002217296 0.55 0.022172949002217297 0.02666666666666667
7 0.7427937915742794 0.195 0.1197339246119734 0.37
3 0.7228381374722838 0.08166666666666667 0.026607538802660754 0.03666666666666667
6 0.5620842572062085 0.26166666666666666 0.0598669623059867 0.12333333333333334
