0 0.6633333333333333 0.6161616161616161 0.3 0.5757575757575758
0 0.2683333333333333 0.6161616161616161 0.31 0.5656565656565656
0 0.4066666666666667 0.5883838383838383 0.12 0.4898989898989899
1 0.6683333333333333 0.38636363636363635 0.09 0.11616161616161616
1 0.32166666666666666 0.3888888888888889 0.11 0.12121212121212122
1 0.39 0.39646464646464646 0.05333333333333334 0.09595959595959595
2 0.42333333333333334 0.7272727272727273 0.04 0.08080808080808081
2 0.54 0.8282828282828283 0.06666666666666667 0.12121212121212122
2 0.7033333333333334 0.6666666666666666 0.06 0.0707070707070707
5 0.145 0.9494949494949495 0.10333333333333333 0.10101010101010101
