0 0.256 0.7026666666666667 0.1 0.3546666666666667
0 0.931 0.66 0.078 0.28
0 0.352 0.6906666666666667 0.072 0.352
0 0.456 0.6946666666666667 0.076 0.3333333333333333
0 0.598 0.6866666666666666 0.088 0.312
0 0.813 0.6586666666666666 0.07 0.29333333333333333
0 0.115 0.6866666666666666 0.106 0.38133333333333336
0 0.765 0.6786666666666666 0.082 0.2906666666666667
0 0.687 0.6586666666666666 0.086 0.31466666666666665
5 0.143 0.8626666666666667 0.042 0.018666666666666668
5 0.287 0.8626666666666667 0.034 0.018666666666666668
5 0.346 0.8586666666666667 0.028 0.021333333333333333
5 0.657 0.8106666666666666 0.026 0.016
5 0.097 0.8666666666666667 0.026 0.021333333333333333
5 0.737 0.8066666666666666 0.026 0.018666666666666668
5 0.37 0.848 0.032 0.016
5 0.694 0.8066666666666666 0.024 0.018666666666666668
5 0.584 0.8226666666666667 0.02 0.018666666666666668
5 0.773 0.8146666666666667 0.018 0.018666666666666668
5 0.791 0.7946666666666666 0.022 0.010666666666666666
5 0.452 0.8506666666666667 0.04 0.021333333333333333
5 0.25 0.8706666666666667 0.028 0.018666666666666668
5 0.616 0.832 0.024 0.016
