0 0.07 0.4266666666666667 0.14 0.7
0 0.33 0.425 0.215 0.71
0 0.63 0.36333333333333334 0.135 0.4
0 0.7125 0.265 0.085 0.3433333333333333
0 0.85 0.39666666666666667 0.165 0.41333333333333333
0 0.51 0.26666666666666666 0.095 0.31333333333333335
0 0.5625 0.355 0.105 0.37
1 0.3125 0.12833333333333333 0.085 0.11
1 0.9075 0.22833333333333333 0.05 0.07
1 0.02125 0.12 0.0425 0.09333333333333334
1 0.715 0.11666666666666667 0.03 0.04
1 0.53125 0.21 0.0425 0.07333333333333333
1 0.7975 0.11666666666666667 0.035 0.04
1 0.5925 0.19666666666666666 0.055 0.06666666666666667
1 0.82875 0.16 0.0475 0.06666666666666667
1 0.8475 0.14166666666666666 0.035 0.05
2 0.41125 0.39166666666666666 0.0525 0.05
2 0.66625 0.33666666666666667 0.0225 0.04
2 0.845 0.43666666666666665 0.03 0.04666666666666667
2 0.64125 0.39 0.0225 0.04
2 0.12 0.19166666666666668 0.035 0.056666666666666664
2 0.7175 0.345 0.025 0.05
2 0.54125 0.405 0.0225 0.03666666666666667
2 0.72 0.335 0.02 0.03
2 0.1 0.22333333333333333 0.045 0.04
5 0.11875 0.7533333333333333 0.0375 0.04
5 0.5875 0.525 0.025 0.03
5 0.71125 0.425 0.0225 0.023333333333333334
5 0.29375 0.7616666666666667 0.0675 0.043333333333333335
5 0.81375 0.5766666666666667 0.0375 0.04666666666666667
5 0.86125 0.55 0.0325 0.04
5 0.75125 0.5316666666666666 0.0425 0.03
5 0.6775 0.5466666666666666 0.04 0.02666666666666667
5 0.63125 0.5516666666666666 0.0225 0.03
7 0.30875 0.48 0.1775 0.6
7 0.07 0.465 0.135 0.61
