0 0.894 0.6628895184135978 0.12 0.5382436260623229
0 0.126 0.6529745042492918 0.156 0.6940509915014165
0 0.761 0.6104815864022662 0.114 0.43909348441926344
0 0.493 0.660056657223796 0.166 0.6798866855524079
0 0.343 0.669971671388102 0.142 0.660056657223796
0 0.637 0.6543909348441926 0.146 0.6912181303116147
0 0.694 0.613314447592068 0.08 0.45042492917847027
0 0.228 0.6402266288951841 0.088 0.5325779036827195
0 0.412 0.6104815864022662 0.064 0.43909348441926344
0 0.275 0.546742209631728 0.046 0.28328611898017
0 0.552 0.6175637393767706 0.06 0.45892351274787535
1 0.883 0.4121813031161473 0.05 0.042492917847025496
1 0.768 0.4093484419263456 0.04 0.031161473087818695
1 0.679 0.41076487252124644 0.042 0.039660056657223795
1 0.468 0.34985835694050993 0.06 0.059490084985835696
5 0.801 0.8144475920679887 0.034 0.025495750708215296
5 0.926 0.9164305949008499 0.028 0.031161473087818695
5 0.523 0.9745042492917847 0.042 0.039660056657223795
5 0.871 0.8796033994334278 0.046 0.025495750708215296
5 0.721 0.7946175637393768 0.034 0.031161473087818695
5 0.21 0.886685552407932 0.028 0.0339943342776204
5 0.699 0.8243626062322946 0.026 0.028328611898016998
5 0.46 0.9886685552407932 0.028 0.0226628895184136
5 0.562 0.8314447592067988 0.024 0.031161473087818695
5 0.431 0.8144475920679887 0.026 0.031161473087818695
