0 0.7 0.5181818181818182 0.23030303030303031 0.9363636363636364
0 0.3151515151515151 0.45 0.1393939393939394 0.4090909090909091
0 0.1303030303030303 0.375 0.06060606060606061 0.21363636363636362
0 0.25606060606060604 0.3977272727272727 0.0696969696969697 0.2772727272727273
1 0.7681818181818182 0.19772727272727272 0.08181818181818182 0.1318181818181818
1 0.30757575757575756 0.2840909090909091 0.03939393939393939 0.05909090909090909
1 0.2515151515151515 0.2727272727272727 0.024242424242424242 0.02727272727272727
1 0.11969696969696969 0.28863636363636364 0.02727272727272727 0.04090909090909091
1 0.25 0.2840909090909091 0.02727272727272727 0.05
5 0.7212121212121212 0.9386363636363636 0.06666666666666667 0.05
5 0.759090909090909 0.95 0.0696969696969697 0.07272727272727272
7 0.7257575757575757 0.5613636363636364 0.15454545454545454 0.7045454545454546
