0 0.116 0.8086053412462908 0.188 0.3827893175074184
0 0.608 0.8234421364985163 0.116 0.34718100890207715
0 0.959 0.8857566765578635 0.082 0.228486646884273
0 0.398 0.7729970326409495 0.176 0.44807121661721067
0 0.235 0.7833827893175074 0.218 0.4332344213649852
1 0.947 0.7967359050445104 0.058 0.050445103857566766
1 0.121 0.6439169139465876 0.046 0.05341246290801187
1 0.243 0.599406528189911 0.05 0.05934718100890208
1 0.417 0.5816023738872403 0.05 0.06528189910979229
1 0.594 0.6824925816023739 0.044 0.05934718100890208
2 0.335 0.6261127596439169 0.018 0.03560830860534125
2 0.198 0.6394658753709199 0.024 0.03857566765578635
6 0.088 0.7477744807121661 0.084 0.1661721068249258
6 0.245 0.7136498516320475 0.098 0.17507418397626112
6 0.965 0.9050445103857567 0.066 0.14836795252225518
