0 0.5013661202185792 0.7281818181818182 0.319672131147541 0.5036363636363637
0 0.6311475409836066 0.4590909090909091 0.37158469945355194 0.2927272727272727
1 0.5355191256830601 0.4990909090909091 0.1366120218579235 0.04181818181818182
1 0.6789617486338798 0.3327272727272727 0.09562841530054644 0.04
2 0.3975409836065574 0.649090909090909 0.09016393442622951 0.04
2 0.7513661202185792 0.5381818181818182 0.07103825136612021 0.03272727272727273
2 0.39617486338797814 0.5409090909090909 0.12568306010928962 0.038181818181818185
5 0.5 0.9572727272727273 0.1092896174863388 0.03090909090909091
5 0.5901639344262295 0.9663636363636363 0.07103825136612021 0.02727272727272727
7 0.5286885245901639 0.75 0.27049180327868855 0.4527272727272727
7 0.6461748633879781 0.4718181818181818 0.28688524590163933 0.22727272727272727
