0 0.2975 0.6830188679245283 0.25 0.6339622641509434
0 0.4875 0.6754716981132075 0.195 0.5509433962264151
0 0.14375 0.6396226415094339 0.1825 0.5018867924528302
0 0.36125 0.5754716981132075 0.1075 0.4037735849056604
1 0.285 0.43018867924528303 0.105 0.12830188679245283
1 0.34375 0.4018867924528302 0.0425 0.04905660377358491
1 0.44125 0.4377358490566038 0.0625 0.07547169811320754
1 0.13125 0.4226415094339623 0.0675 0.06792452830188679
2 0.40125 0.6113207547169811 0.0425 0.03773584905660377
5 0.55125 0.8490566037735849 0.0625 0.045283018867924525
5 0.45125 0.9207547169811321 0.0325 0.052830188679245285
5 0.33625 0.7528301886792453 0.0575 0.04150943396226415
5 0.15 0.8660377358490566 0.05 0.04905660377358491
7 0.47 0.6981132075471698 0.165 0.4075471698113208
7 0.28375 0.7584905660377359 0.2225 0.47547169811320755
2 0.53125 0.4849056603773585 0.0725 0.09433962264150944
7 0.14 0.6433962264150943 0.135 0.3660377358490566
7 0.36375 0.5264150943396226 0.0725 0.20754716981132076
