0 0.07 0.6255813953488372 0.11777777777777777 0.627906976744186
0 0.9266666666666666 0.6465116279069767 0.08444444444444445 0.5116279069767442
0 0.19777777777777777 0.6162790697674418 0.1111111111111111 0.6465116279069767
0 0.8011111111111111 0.6372093023255814 0.07333333333333333 0.48372093023255813
0 0.3411111111111111 0.6348837209302326 0.11333333333333333 0.627906976744186
0 0.7122222222222222 0.6209302325581395 0.07777777777777778 0.5534883720930233
0 0.4777777777777778 0.6441860465116279 0.10222222222222223 0.6
0 0.65 0.6488372093023256 0.08222222222222222 0.5534883720930233
0 0.5788888888888889 0.6511627906976745 0.06888888888888889 0.5209302325581395
0 0.29 0.6372093023255814 0.051111111111111114 0.46511627906976744
0 0.4088888888888889 0.6372093023255814 0.06222222222222222 0.4744186046511628
0 0.6266666666666667 0.6302325581395349 0.044444444444444446 0.5255813953488372
0 0.5077777777777778 0.6255813953488372 0.06 0.5162790697674419
0 0.5388888888888889 0.6511627906976745 0.03777777777777778 0.44651162790697674
1 0.1988888888888889 0.3302325581395349 0.03777777777777778 0.06511627906976744
1 0.7988888888888889 0.42093023255813955 0.028888888888888888 0.05116279069767442
1 0.07 0.3395348837209302 0.03777777777777778 0.05581395348837209
1 0.9277777777777778 0.41627906976744183 0.042222222222222223 0.06046511627906977
1 0.34 0.3488372093023256 0.04 0.06511627906976744
1 0.3 0.43023255813953487 0.02666666666666667 0.04186046511627907
1 0.5722222222222222 0.4186046511627907 0.03333333333333333 0.05581395348837209
1 0.7011111111111111 0.39069767441860465 0.03333333333333333 0.07441860465116279
1 0.45222222222222225 0.37209302325581395 0.03777777777777778 0.05581395348837209
1 0.4022222222222222 0.4255813953488372 0.02666666666666667 0.05116279069767442
1 0.4922222222222222 0.39069767441860465 0.028888888888888888 0.046511627906976744
1 0.5377777777777778 0.44883720930232557 0.02666666666666667 0.05116279069767442
1 0.6555555555555556 0.4046511627906977 0.03111111111111111 0.06511627906976744
1 0.37777777777777777 0.7395348837209302 0.017777777777777778 0.05581395348837209
1 0.6311111111111111 0.3883720930232558 0.02666666666666667 0.05116279069767442
2 0.29888888888888887 0.7 0.02 0.07906976744186046
5 0.35777777777777775 0.9302325581395349 0.022222222222222223 0.027906976744186046
5 0.9111111111111111 0.8604651162790697 0.013333333333333334 0.05581395348837209
5 0.18777777777777777 0.9162790697674419 0.028888888888888888 0.046511627906976744
5 0.94 0.8813953488372093 0.022222222222222223 0.03255813953488372
5 0.4955555555555556 0.9093023255813953 0.017777777777777778 0.03255813953488372
5 0.46111111111111114 0.9302325581395349 0.028888888888888888 0.037209302325581395
5 0.56 0.8860465116279069 0.022222222222222223 0.05116279069767442
5 0.21888888888888888 0.8953488372093024 0.02 0.06046511627906977
5 0.5922222222222222 0.8860465116279069 0.015555555555555555 0.03255813953488372
5 0.07888888888888888 0.9162790697674419 0.02 0.037209302325581395
5 0.31777777777777777 0.9255813953488372 0.03111111111111111 0.027906976744186046
5 0.53 0.8558139534883721 0.015555555555555555 0.027906976744186046
5 0.06888888888888889 0.9093023255813953 0.008888888888888889 0.03255813953488372
