0 0.126 0.655688622754491 0.236 0.688622754491018
0 0.782 0.5389221556886228 0.104 0.5089820359281437
0 0.426 0.5913173652694611 0.12 0.5479041916167665
0 0.278 0.6347305389221557 0.156 0.7305389221556886
0 0.582 0.5913173652694611 0.112 0.5658682634730539
0 0.729 0.5958083832335329 0.102 0.5149700598802395
0 0.66 0.6017964071856288 0.12 0.6586826347305389
0 0.349 0.657185628742515 0.106 0.6197604790419161
1 0.143 0.3473053892215569 0.09 0.07784431137724551
1 0.326 0.38772455089820357 0.06 0.08083832335329341
1 0.237 0.30538922155688625 0.078 0.07784431137724551
1 0.415 0.5299401197604791 0.046 0.07784431137724551
1 0.435 0.5853293413173652 0.042 0.0688622754491018
1 0.506 0.49550898203592814 0.048 0.0688622754491018
1 0.527 0.4550898203592814 0.038 0.059880239520958084
5 0.743 0.8278443113772455 0.026 0.04491017964071856
5 0.681 0.907185628742515 0.05 0.05389221556886228
5 0.444 0.8038922155688623 0.048 0.03293413173652695
5 0.639 0.8862275449101796 0.034 0.029940119760479042
5 0.609 0.8517964071856288 0.03 0.038922155688622756
5 0.415 0.8473053892215568 0.038 0.03592814371257485
5 0.578 0.8263473053892215 0.04 0.023952095808383235
5 0.38 0.9341317365269461 0.04 0.05389221556886228
5 0.788 0.7769461077844312 0.036 0.03293413173652695
