0 0.192 0.6146666666666667 0.12 0.6213333333333333
0 0.898 0.45866666666666667 0.084 0.2773333333333333
0 0.341 0.8386666666666667 0.206 0.32266666666666666
0 0.551 0.5186666666666667 0.094 0.43466666666666665
1 0.571 0.33066666666666666 0.054 0.05333333333333334
1 0.189 0.34 0.066 0.072
1 0.327 0.7226666666666667 0.07 0.08533333333333333
1 0.922 0.3426666666666667 0.036 0.04533333333333334
2 0.237 0.6666666666666666 0.03 0.042666666666666665
2 0.419 0.8506666666666667 0.038 0.042666666666666665
2 0.915 0.4706666666666667 0.018 0.034666666666666665
5 0.21 0.8626666666666667 0.04 0.11466666666666667
5 0.167 0.8346666666666667 0.042 0.112
5 0.532 0.6826666666666666 0.052 0.10666666666666667
5 0.889 0.5546666666666666 0.054 0.08533333333333333
5 0.417 0.9626666666666667 0.054 0.07466666666666667
