0 0.119 0.6099397590361446 0.174 0.641566265060241
0 0.562 0.5707831325301205 0.1 0.3825301204819277
0 0.898 0.608433734939759 0.048 0.16265060240963855
0 0.475 0.5843373493975904 0.086 0.37349397590361444
0 0.337 0.5798192771084337 0.098 0.5512048192771084
0 0.6 0.6626506024096386 0.092 0.1686746987951807
1 0.354 0.3373493975903614 0.056 0.06626506024096386
1 0.09 0.32228915662650603 0.076 0.07228915662650602
1 0.461 0.42168674698795183 0.042 0.04216867469879518
1 0.577 0.39759036144578314 0.038 0.03614457831325301
1 0.902 0.5391566265060241 0.016 0.018072289156626505
1 0.628 0.6024096385542169 0.032 0.04216867469879518
2 0.175 0.5436746987951807 0.058 0.045180722891566265
2 0.498 0.5617469879518072 0.024 0.02108433734939759
5 0.167 0.8704819277108434 0.07 0.04819277108433735
5 0.107 0.9096385542168675 0.07 0.04216867469879518
5 0.356 0.8448795180722891 0.056 0.02710843373493976
5 0.532 0.7545180722891566 0.036 0.015060240963855422
5 0.322 0.8358433734939759 0.016 0.02108433734939759
5 0.499 0.7605421686746988 0.038 0.02108433734939759
7 0.565 0.6009036144578314 0.094 0.32228915662650603
7 0.467 0.6144578313253012 0.07 0.3132530120481928
6 0.336 0.49096385542168675 0.096 0.21084337349397592
7 0.102 0.6430722891566265 0.144 0.5150602409638554
7 0.898 0.6204819277108434 0.048 0.13253012048192772
7 0.593 0.6701807228915663 0.07 0.1355421686746988
