0 0.7275 0.7383333333333333 0.095 0.45
0 0.8225 0.7566666666666667 0.145 0.4866666666666667
0 0.9475 0.6716666666666666 0.1 0.37666666666666665
0 0.63125 0.7116666666666667 0.1075 0.37
0 0.085 0.675 0.17 0.65
0 0.4825 0.6866666666666666 0.115 0.42
0 0.3425 0.6816666666666666 0.125 0.45
0 0.15125 0.6516666666666666 0.0975 0.4633333333333333
0 0.45125 0.625 0.0725 0.37666666666666665
0 0.2325 0.665 0.115 0.51
0 0.29375 0.6466666666666666 0.0675 0.4
1 0.83125 0.5416666666666666 0.0575 0.056666666666666664
5 0.5975 0.885 0.025 0.023333333333333334
5 0.975 0.845 0.03 0.03
5 0.74625 0.945 0.0225 0.03
5 0.7075 0.92 0.05 0.02666666666666667
5 0.92125 0.8283333333333334 0.0325 0.023333333333333334
5 0.77875 0.9766666666666667 0.0525 0.02666666666666667
5 0.65625 0.875 0.0325 0.023333333333333334
5 0.37875 0.885 0.0425 0.03666666666666667
5 0.4375 0.8016666666666666 0.015 0.023333333333333334
5 0.22625 0.9083333333333333 0.0425 0.03
5 0.48875 0.8816666666666667 0.0175 0.03
5 0.29375 0.83 0.0375 0.02666666666666667
5 0.84875 0.99 0.0225 0.02
5 0.2625 0.8966666666666666 0.055 0.02
5 0.99 0.8933333333333333 0.02 0.02
5 0.44875 0.88 0.0375 0.02666666666666667
5 0.3275 0.87 0.02 0.02666666666666667
7 0.15125 0.68 0.0975 0.4
