0 0.32142857142857145 0.7684049079754601 0.05918367346938776 0.19325153374233128
0 0.20918367346938777 0.7208588957055214 0.03877551020408163 0.19631901840490798
0 0.1816326530612245 0.7055214723926381 0.036734693877551024 0.1901840490797546
0 0.8663265306122448 0.2331288343558282 0.05918367346938776 0.1411042944785276
0 0.826530612244898 0.3220858895705521 0.05714285714285714 0.1411042944785276
1 0.336734693877551 0.6840490797546013 0.02040816326530612 0.018404907975460124
1 0.2163265306122449 0.6380368098159509 0.02040816326530612 0.024539877300613498
1 0.18571428571428572 0.6257668711656442 0.02040816326530612 0.024539877300613498
1 0.826530612244898 0.2668711656441718 0.0163265306122449 0.018404907975460124
1 0.8520408163265306 0.18098159509202455 0.018367346938775512 0.024539877300613498
