0 0.092 0.6402985074626866 0.124 0.48059701492537316
0 0.644 0.5701492537313433 0.116 0.5373134328358209
0 0.189 0.6014925373134329 0.11 0.40298507462686567
0 0.31 0.6014925373134329 0.08 0.44477611940298506
0 0.86 0.5970149253731343 0.28 0.8059701492537313
0 0.46 0.6716417910447762 0.252 0.6567164179104478
0 0.484 0.5761194029850746 0.104 0.4597014925373134
0 0.979 0.24328358208955222 0.042 0.2537313432835821
5 0.131 0.8432835820895522 0.046 0.026865671641791045
5 0.519 0.7791044776119403 0.03 0.029850746268656716
5 0.226 0.7671641791044777 0.032 0.01791044776119403
5 0.332 0.808955223880597 0.032 0.029850746268656716
5 0.668 0.8059701492537313 0.024 0.06567164179104477
5 0.177 0.7865671641791044 0.022 0.026865671641791045
5 0.097 0.8611940298507462 0.042 0.03283582089552239
5 0.631 0.7865671641791044 0.046 0.03283582089552239
5 0.474 0.7895522388059701 0.02 0.026865671641791045
