0 0.178 0.688622754491018 0.092 0.38323353293413176
0 0.712 0.7155688622754491 0.14 0.5688622754491018
0 0.507 0.7050898203592815 0.118 0.5538922155688623
0 0.344 0.655688622754491 0.092 0.3413173652694611
0 0.652 0.6392215568862275 0.068 0.36227544910179643
0 0.756 0.5359281437125748 0.048 0.16766467065868262
0 0.609 0.5508982035928144 0.038 0.15568862275449102
0 0.556 0.6407185628742516 0.068 0.3712574850299401
0 0.307 0.6317365269461078 0.042 0.2694610778443114
0 0.881 0.48952095808383234 0.014 0.06287425149700598
1 0.502 0.45209580838323354 0.044 0.04790419161676647
1 0.176 0.5194610778443114 0.036 0.038922155688622756
1 0.376 0.6526946107784432 0.032 0.041916167664670656
1 0.31 0.5104790419161677 0.02 0.02694610778443114
1 0.759 0.4655688622754491 0.018 0.020958083832335328
5 0.508 0.9221556886227545 0.016 0.029940119760479042
5 0.334 0.8098802395209581 0.028 0.020958083832335328
5 0.663 0.8038922155688623 0.018 0.02694610778443114
5 0.528 0.9670658682634731 0.028 0.029940119760479042
5 0.195 0.8622754491017964 0.018 0.029940119760479042
5 0.37 0.7829341317365269 0.012 0.02694610778443114
5 0.699 0.9850299401197605 0.026 0.029940119760479042
5 0.562 0.8143712574850299 0.016 0.017964071856287425
5 0.722 0.9446107784431138 0.012 0.02694610778443114
