0 0.874 0.6826666666666666 0.172 0.6293333333333333
0 0.584 0.6946666666666667 0.144 0.6106666666666667
0 0.287 0.672 0.154 0.656
0 0.754 0.6906666666666667 0.16 0.6186666666666667
0 0.147 0.6506666666666666 0.174 0.6986666666666667
0 0.437 0.6666666666666666 0.194 0.6613333333333333
1 0.853 0.4146666666666667 0.11 0.088
1 0.322 0.37466666666666665 0.072 0.06666666666666667
1 0.158 0.33866666666666667 0.092 0.07466666666666667
1 0.483 0.38266666666666665 0.07 0.09333333333333334
1 0.712 0.4226666666666667 0.076 0.08266666666666667
1 0.577 0.43466666666666665 0.07 0.09066666666666667
