0 0.95375 0.8439849624060151 0.0925 0.30451127819548873
0 0.74125 0.8947368421052632 0.0425 0.14285714285714285
0 0.54625 0.900375939849624 0.0325 0.12406015037593984
0 0.82375 0.47368421052631576 0.0525 0.22556390977443608
1 0.95 0.7124060150375939 0.04 0.041353383458646614
1 0.54 0.8477443609022557 0.01 0.018796992481203006
1 0.80875 0.40789473684210525 0.0175 0.02631578947368421
6 0.81875 0.43796992481203006 0.0425 0.08646616541353383
6 0.9475 0.825187969924812 0.08 0.13157894736842105
6 0.7375 0.8703007518796992 0.03 0.041353383458646614
