0 0.397 0.6189759036144579 0.106 0.33433734939759036
0 0.523 0.49849397590361444 0.102 0.2680722891566265
0 0.252 0.7740963855421686 0.104 0.3313253012048193
0 0.187 0.6641566265060241 0.082 0.25
0 0.836 0.6987951807228916 0.12 0.27710843373493976
1 0.179 0.5692771084337349 0.038 0.060240963855421686
1 0.493 0.39156626506024095 0.03 0.05421686746987952
1 0.879 0.5963855421686747 0.034 0.060240963855421686
1 0.222 0.6385542168674698 0.04 0.05421686746987952
1 0.362 0.48042168674698793 0.032 0.05120481927710843
2 0.861 0.7560240963855421 0.022 0.04216867469879518
2 0.355 0.6385542168674698 0.018 0.024096385542168676
2 0.563 0.4939759036144578 0.022 0.024096385542168676
2 0.235 0.8042168674698795 0.018 0.024096385542168676
2 0.161 0.7454819277108434 0.03 0.06325301204819277
5 0.289 0.891566265060241 0.026 0.04819277108433735
7 0.259 0.7816265060240963 0.09 0.25
7 0.521 0.4954819277108434 0.106 0.2680722891566265
7 0.529 0.4503012048192771 0.05 0.15963855421686746
7 0.4 0.5692771084337349 0.088 0.1686746987951807
7 0.825 0.677710843373494 0.082 0.20481927710843373
5 0.538 0.5873493975903614 0.036 0.0783132530120482
5 0.24 0.9171686746987951 0.036 0.0572289156626506
