0 0.688 0.6160130718954249 0.236 0.7679738562091504
0 0.459 0.5898692810457516 0.286 0.8137254901960784
0 0.226 0.5735294117647058 0.432 0.8464052287581699
0 0.845 0.5 0.142 0.7843137254901961
0 0.886 0.5506535947712419 0.228 0.8856209150326797
1 0.238 0.2647058823529412 0.156 0.2222222222222222
1 0.414 0.2826797385620915 0.116 0.19281045751633988
1 0.843 0.17483660130718953 0.094 0.12745098039215685
1 0.976 0.119281045751634 0.048 0.10784313725490197
2 0.496 0.434640522875817 0.048 0.1111111111111111
2 0.358 0.4150326797385621 0.06 0.09803921568627451
2 0.669 0.41013071895424835 0.066 0.09477124183006536
2 0.806 0.35130718954248363 0.048 0.07516339869281045
2 0.714 0.40032679738562094 0.044 0.09477124183006536
2 0.169 0.4362745098039216 0.066 0.17320261437908496
