0 0.174 0.5135135135135135 0.188 0.5405405405405406
0 0.441 0.5795795795795796 0.226 0.5225225225225225
1 0.503 0.35135135135135137 0.062 0.06006006006006006
1 0.199 0.26576576576576577 0.054 0.03903903903903904
2 0.167 0.4084084084084084 0.022 0.036036036036036036
2 0.447 0.4924924924924925 0.018 0.03003003003003003
5 0.1 0.7582582582582582 0.036 0.03903903903903904
5 0.436 0.8123123123123123 0.032 0.05105105105105105
5 0.181 0.7477477477477478 0.046 0.042042042042042045
5 0.355 0.7372372372372372 0.054 0.08708708708708708
