0 0.307 0.6069277108433735 0.174 0.786144578313253
0 0.108 0.5978915662650602 0.184 0.8042168674698795
0 0.478 0.6114457831325302 0.156 0.7771084337349398
0 0.818 0.6144578313253012 0.196 0.7710843373493976
0 0.643 0.6355421686746988 0.166 0.7289156626506024
1 0.125 0.23493975903614459 0.078 0.0783132530120482
1 0.494 0.25301204819277107 0.064 0.060240963855421686
1 0.844 0.2620481927710843 0.076 0.07228915662650602
1 0.62 0.30873493975903615 0.06 0.06927710843373494
1 0.295 0.25 0.066 0.07228915662650602
5 0.652 0.9442771084337349 0.056 0.06927710843373494
5 0.602 0.9608433734939759 0.032 0.07228915662650602
5 0.348 0.9894578313253012 0.04 0.02108433734939759
5 0.46 0.9457831325301205 0.032 0.10843373493975904
5 0.515 0.9397590361445783 0.054 0.10843373493975904
7 0.109 0.6701807228915663 0.186 0.6536144578313253
6 0.297 0.49849397590361444 0.158 0.3102409638554217
6 0.622 0.5180722891566265 0.12 0.2710843373493976
6 0.471 0.4954819277108434 0.142 0.286144578313253
