0 0.2511111111111111 0.5275862068965518 0.5022222222222222 0.9379310344827586
0 0.6988888888888889 0.5344827586206896 0.5622222222222222 0.9310344827586207
0 0.4077777777777778 0.6275862068965518 0.19777777777777777 0.7310344827586207
1 0.16777777777777778 0.16206896551724137 0.15777777777777777 0.2
1 0.37777777777777777 0.33275862068965517 0.1111111111111111 0.13448275862068965
1 0.6788888888888889 0.1724137931034483 0.18888888888888888 0.21379310344827587
2 0.4022222222222222 0.8482758620689655 0.1688888888888889 0.16551724137931034
2 0.7866666666666666 0.6758620689655173 0.24 0.32413793103448274
2 0.47 0.7603448275862069 0.10888888888888888 0.17586206896551723
2 0.33555555555555555 0.746551724137931 0.06666666666666667 0.11379310344827587
