0 0.275 0.7563218390804598 0.134 0.48735632183908045
0 0.686 0.7149425287356321 0.124 0.3954022988505747
0 0.843 0.5793103448275863 0.054 0.11954022988505747
0 0.504 0.7689655172413793 0.12 0.46206896551724136
0 0.757 0.674712643678161 0.07 0.27816091954022987
0 0.947 0.7091954022988506 0.106 0.3931034482758621
0 0.151 0.7114942528735633 0.09 0.3839080459770115
0 0.062 0.7448275862068966 0.12 0.5011494252873563
0 0.575 0.7045977011494253 0.09 0.36091954022988504
0 0.398 0.6609195402298851 0.08 0.2827586206896552
0 0.432 0.7091954022988506 0.1 0.3563218390804598
0 0.092 0.7195402298850575 0.096 0.4
0 0.912 0.6988505747126437 0.1 0.30344827586206896
0 0.234 0.728735632183908 0.076 0.38620689655172413
5 0.535 0.9747126436781609 0.054 0.0367816091954023
5 0.034 0.9770114942528736 0.044 0.0367816091954023
5 0.649 0.8988505747126436 0.026 0.022988505747126436
5 0.701 0.8931034482758621 0.046 0.02528735632183908
5 0.299 0.9908045977011494 0.046 0.013793103448275862
5 0.586 0.8666666666666667 0.04 0.022988505747126436
5 0.428 0.8770114942528736 0.028 0.02528735632183908
5 0.167 0.8908045977011494 0.042 0.02528735632183908
5 0.734 0.8011494252873563 0.02 0.016091954022988506
5 0.472 0.9908045977011494 0.032 0.01839080459770115
5 0.922 0.8724137931034482 0.052 0.029885057471264367
5 0.544 0.8747126436781609 0.02 0.016091954022988506
5 0.092 0.9528735632183908 0.06 0.03908045977011494
5 0.116 0.9011494252873563 0.04 0.027586206896551724
5 0.377 0.7885057471264367 0.038 0.022988505747126436
5 0.759 0.7942528735632184 0.03 0.016091954022988506
5 0.137 0.860919540229885 0.038 0.029885057471264367
5 0.405 0.7908045977011494 0.022 0.022988505747126436
5 0.98 0.8908045977011494 0.02 0.029885057471264367
5 0.05 0.9183908045977012 0.016 0.02528735632183908
5 0.266 0.9126436781609195 0.016 0.01839080459770115
5 0.536 0.9229885057471264 0.012 0.016091954022988506
7 0.272 0.7908045977011494 0.136 0.41839080459770117
7 0.677 0.7367816091954023 0.106 0.32873563218390806
7 0.503 0.7931034482758621 0.122 0.4
7 0.573 0.7229885057471265 0.09 0.30114942528735633
7 0.061 0.7689655172413793 0.118 0.42528735632183906
