0 0.648 0.6666666666666666 0.312 0.6606606606606606
0 0.908 0.5015015015015015 0.184 0.996996996996997
0 0.558 0.6546546546546547 0.232 0.6906906906906907
0 0.799 0.4984984984984985 0.306 0.996996996996997
1 0.782 0.08708708708708708 0.144 0.17417417417417416
1 0.552 0.43843843843843844 0.116 0.2042042042042042
1 0.873 0.052552552552552555 0.106 0.0990990990990991
1 0.516 0.3708708708708709 0.08 0.11711711711711711
1 0.91 0.05105105105105105 0.18 0.1021021021021021
2 0.465 0.6756756756756757 0.054 0.07207207207207207
6 0.688 0.6066066066066066 0.224 0.4984984984984985
6 0.532 0.6201201201201201 0.096 0.24324324324324326
6 0.852 0.5495495495495496 0.172 0.6246246246246246
6 0.958 0.4744744744744745 0.084 0.45045045045045046
