0 0.645 0.4954954954954955 0.458 0.8768768768768769
0 0.86 0.34234234234234234 0.192 0.6246246246246246
0 0.326 0.45645645645645644 0.216 0.4444444444444444
0 0.162 0.6246246246246246 0.3 0.7507507507507507
1 0.699 0.12312312312312312 0.142 0.12612612612612611
1 0.815 0.10510510510510511 0.102 0.15015015015015015
1 0.364 0.31681681681681684 0.084 0.15915915915915915
1 0.247 0.32432432432432434 0.09 0.15015015015015015
2 0.231 0.9084084084084084 0.058 0.12312312312312312
2 0.392 0.5675675675675675 0.08 0.15615615615615616
2 0.448 0.5525525525525525 0.064 0.11411411411411411
2 0.381 0.5435435435435435 0.062 0.11411411411411411
5 0.528 0.8828828828828829 0.132 0.10810810810810811
5 0.47 0.7252252252252253 0.108 0.08708708708708708
5 0.626 0.8033033033033034 0.092 0.0990990990990991
