0 0.5577777777777778 0.575 0.4 0.8433333333333334
0 0.8255555555555556 0.605 0.26 0.7833333333333333
0 0.2588888888888889 0.5 0.32222222222222224 0.8333333333333334
1 0.5711111111111111 0.22833333333333333 0.14222222222222222 0.15
1 0.7566666666666667 0.2783333333333333 0.12222222222222222 0.13
1 0.31777777777777777 0.175 0.14222222222222222 0.18333333333333332
2 0.8366666666666667 0.87 0.09111111111111111 0.18
6 0.5677777777777778 0.6716666666666666 0.37555555555555553 0.6233333333333333
6 0.8488888888888889 0.6733333333333333 0.2088888888888889 0.64
6 0.2088888888888889 0.5616666666666666 0.2222222222222222 0.6433333333333333
