0 0.852 0.5501319261213721 0.296 0.8944591029023746
0 0.188 0.5593667546174143 0.372 0.8707124010554089
0 0.431 0.5448548812664907 0.306 0.9050131926121372
0 0.721 0.5897097625329816 0.25 0.8153034300791556
0 0.64 0.6108179419525066 0.156 0.7678100263852242
1 0.201 0.20580474934036938 0.198 0.158311345646438
1 0.877 0.19656992084432717 0.226 0.1820580474934037
1 0.426 0.1662269129287599 0.144 0.15303430079155672
1 0.736 0.24142480211081793 0.132 0.12401055408970976
1 0.649 0.2955145118733509 0.09 0.13192612137203166
