0 0.551 0.5601719197707736 0.146 0.2492836676217765
0 0.876 0.4040114613180516 0.12 0.1833810888252149
0 0.392 0.4068767908309456 0.1 0.2521489971346705
0 0.616 0.3939828080229226 0.08 0.14040114613180515
1 0.426 0.3137535816618911 0.032 0.054441260744985676
1 0.875 0.330945558739255 0.026 0.03151862464183381
1 0.567 0.48567335243553006 0.066 0.09455587392550144
1 0.589 0.34813753581661894 0.026 0.03724928366762178
2 0.581 0.6532951289398281 0.03 0.05157593123209169
2 0.499 0.5272206303724928 0.026 0.034383954154727794
7 0.551 0.5601719197707736 0.146 0.2492836676217765
7 0.874 0.41117478510028654 0.116 0.14040114613180515
6 0.553 0.5573065902578797 0.142 0.16905444126074498
6 0.613 0.3839541547277937 0.062 0.08022922636103152
5 0.868 0.40257879656160456 0.084 0.12320916905444126
