0 0.2467741935483871 0.7888349514563107 0.4935483870967742 0.41262135922330095
0 0.6483870967741936 0.8519417475728155 0.25806451612903225 0.2961165048543689
0 0.7564516129032258 0.8276699029126213 0.1064516129032258 0.33495145631067963
0 0.8903225806451613 0.8276699029126213 0.21935483870967742 0.3446601941747573
0 0.36451612903225805 0.8398058252427184 0.24516129032258063 0.32038834951456313
0 0.05806451612903226 0.7184466019417476 0.11612903225806452 0.2621359223300971
1 0.6725806451612903 0.75 0.0935483870967742 0.10194174757281553
1 0.7258064516129032 0.6844660194174758 0.05161290322580645 0.04854368932038835
1 0.917741935483871 0.7985436893203883 0.16451612903225807 0.2766990291262136
1 0.13870967741935483 0.6529126213592233 0.14838709677419354 0.12135922330097088
2 0.4532258064516129 0.8252427184466019 0.08064516129032258 0.07766990291262135
2 0.5564516129032258 0.9344660194174758 0.08064516129032258 0.12135922330097088
