0 0.844 0.811377245508982 0.108 0.3712574850299401
0 0.517 0.8098802395209581 0.134 0.37425149700598803
0 0.694 0.23203592814371257 0.176 0.4041916167664671
0 0.704 0.7155688622754491 0.116 0.5688622754491018
1 0.853 0.6586826347305389 0.05 0.059880239520958084
1 0.533 0.6541916167664671 0.062 0.05089820359281437
1 0.711 0.47005988023952094 0.078 0.07784431137724551
1 0.589 0.15868263473053892 0.054 0.11377245508982035
2 0.859 0.7739520958083832 0.03 0.038922155688622756
2 0.464 0.7215568862275449 0.032 0.05389221556886228
2 0.466 0.7994011976047904 0.024 0.029940119760479042
5 0.746 0.3772455089820359 0.044 0.03592814371257485
5 0.681 0.36377245508982037 0.03 0.04491017964071856
