0 0.6642857142857143 0.46258503401360546 0.11071428571428571 0.2925170068027211
0 0.8705357142857143 0.5272108843537415 0.12678571428571428 0.7074829931972789
0 0.45803571428571427 0.6343537414965986 0.19107142857142856 0.5476190476190477
0 0.28214285714285714 0.4914965986394558 0.08214285714285714 0.42517006802721086
0 0.35267857142857145 0.5952380952380952 0.16607142857142856 0.5986394557823129
0 0.9446428571428571 0.42517006802721086 0.06785714285714285 0.5238095238095238
1 0.26875 0.30272108843537415 0.0375 0.05442176870748299
1 0.8482142857142857 0.21428571428571427 0.05357142857142857 0.07482993197278912
1 0.6276785714285714 0.34523809523809523 0.030357142857142857 0.05782312925170068
1 0.5205357142857143 0.4166666666666667 0.05178571428571429 0.09863945578231292
1 0.40267857142857144 0.3469387755102041 0.055357142857142855 0.10204081632653061
1 0.9339285714285714 0.195578231292517 0.039285714285714285 0.05782312925170068
2 0.6392857142857142 0.4931972789115646 0.017857142857142856 0.05442176870748299
2 0.45535714285714285 0.7074829931972789 0.02857142857142857 0.061224489795918366
