0 0.29775280898876405 0.535 0.35580524344569286 0.73
0 0.0702247191011236 0.15166666666666667 0.09176029962546817 0.2966666666666667
0 0.6151685393258427 0.38166666666666665 0.34269662921348315 0.6166666666666667
1 0.4250936329588015 0.2866666666666667 0.09737827715355805 0.22666666666666666
1 0.6357677902621723 0.15 0.08801498127340825 0.16
2 0.48220973782771537 0.4083333333333333 0.07677902621722846 0.11
5 0.29681647940074907 0.8616666666666667 0.13670411985018727 0.08333333333333333
5 0.6722846441947565 0.6383333333333333 0.10112359550561797 0.09
5 0.6273408239700374 0.5633333333333334 0.0599250936329588 0.06
5 0.09550561797752809 0.27666666666666667 0.04119850187265917 0.04
7 0.06741573033707865 0.15 0.08614232209737828 0.2733333333333333
