0 0.123 0.5652818991097923 0.242 0.8635014836795252
0 0.247 0.486646884272997 0.118 0.36795252225519287
0 0.48 0.6068249258160238 0.196 0.7804154302670623
0 0.767 0.6068249258160238 0.186 0.7744807121661721
0 0.667 0.5296735905044511 0.11 0.6023738872403561
0 0.582 0.48813056379821956 0.1 0.4599406528189911
0 0.384 0.5103857566765578 0.076 0.49258160237388726
0 0.9 0.6112759643916914 0.2 0.771513353115727
0 0.163 0.4940652818991098 0.066 0.34718100890207715
1 0.101 0.2032640949554896 0.166 0.1394658753709199
1 0.466 0.26112759643916916 0.076 0.0830860534124629
1 0.664 0.25370919881305637 0.052 0.050445103857566766
1 0.389 0.2878338278931751 0.042 0.04747774480712166
1 0.891 0.27002967359050445 0.102 0.0830860534124629
1 0.784 0.2551928783382789 0.076 0.0712166172106825
1 0.588 0.28338278931750743 0.036 0.050445103857566766
1 0.613 0.30118694362017806 0.022 0.032640949554896145
1 0.154 0.34124629080118696 0.04 0.04154302670623145
5 0.635 0.8071216617210683 0.026 0.04154302670623145
5 0.29 0.655786350148368 0.032 0.02373887240356083
5 0.381 0.7373887240356083 0.026 0.03857566765578635
5 0.71 0.9540059347181009 0.072 0.06824925816023739
5 0.181 0.658753709198813 0.034 0.02373887240356083
5 0.358 0.6483679525222552 0.028 0.032640949554896145
5 0.233 0.6632047477744807 0.022 0.020771513353115726
5 0.234 0.6543026706231454 0.028 0.032640949554896145
