0 0.06 0.556 0.116 0.584
0 0.5 0.5146666666666667 0.132 0.5546666666666666
0 0.177 0.5066666666666667 0.142 0.592
0 0.934 0.5786666666666667 0.132 0.656
0 0.313 0.5146666666666667 0.114 0.5866666666666667
0 0.801 0.6226666666666667 0.19 0.6213333333333333
0 0.619 0.45866666666666667 0.126 0.5866666666666667
0 0.235 0.4146666666666667 0.078 0.536
0 0.435 0.36666666666666664 0.106 0.44533333333333336
0 0.68 0.43466666666666665 0.08 0.528
0 0.744 0.5026666666666667 0.192 0.664
0 0.771 0.18266666666666667 0.078 0.14133333333333334
0 0.373 0.49066666666666664 0.102 0.592
0 0.857 0.5066666666666667 0.09 0.576
5 0.469 0.7706666666666667 0.038 0.037333333333333336
5 0.533 0.764 0.05 0.04
5 0.961 0.8786666666666667 0.038 0.050666666666666665
5 0.22 0.7706666666666667 0.044 0.037333333333333336
5 0.634 0.7306666666666667 0.028 0.037333333333333336
5 0.663 0.6786666666666666 0.026 0.034666666666666665
5 0.807 0.9186666666666666 0.074 0.034666666666666665
5 0.755 0.8146666666666667 0.054 0.029333333333333333
5 0.284 0.7906666666666666 0.036 0.029333333333333333
5 0.598 0.7346666666666667 0.028 0.04
5 0.387 0.7666666666666667 0.046 0.029333333333333333
5 0.342 0.7786666666666666 0.052 0.02666666666666667
5 0.05 0.836 0.048 0.024
5 0.414 0.5786666666666667 0.044 0.021333333333333333
5 0.074 0.8146666666666667 0.036 0.029333333333333333
5 0.134 0.7826666666666666 0.048 0.034666666666666665
