0 0.940625 0.3078125 0.11458333333333333 0.471875
0 0.4947916666666667 0.3796875 0.16041666666666668 0.39375
0 0.028125 0.26484375 0.05625 0.3859375
0 0.20208333333333334 0.33984375 0.4 0.6765625
0 0.8 0.31171875 0.2916666666666667 0.5109375
0 0.271875 0.21484375 0.10208333333333333 0.2640625
0 0.040625 0.26484375 0.08125 0.3859375
1 0.21354166666666666 0.03671875 0.16041666666666668 0.0703125
1 0.7708333333333334 0.09921875 0.1 0.0859375
1 0.934375 0.10859375 0.10208333333333333 0.0703125
1 0.027083333333333334 0.09609375 0.05 0.0453125
1 0.5145833333333333 0.20234375 0.0625 0.0359375
5 0.759375 0.546875 0.09375 0.0375
5 0.2625 0.6578125 0.1375 0.040625
5 0.10833333333333334 0.63671875 0.0875 0.0546875
5 0.8677083333333333 0.5375 0.08125 0.0375
5 0.029166666666666667 0.446875 0.05416666666666667 0.01875
5 0.9322916666666666 0.51796875 0.06875 0.0328125
