0 0.221 0.7295774647887324 0.302 0.523943661971831
0 0.651 0.6267605633802817 0.29 0.543661971830986
1 0.562 0.4056338028169014 0.076 0.09014084507042254
1 0.333 0.5084507042253521 0.066 0.07605633802816901
2 0.341 0.6169014084507042 0.05 0.056338028169014086
5 0.111 0.9450704225352112 0.09 0.10422535211267606
7 0.675 0.6647887323943662 0.238 0.4563380281690141
7 0.224 0.7295774647887324 0.308 0.5295774647887324
5 0.729 0.8366197183098592 0.122 0.10140845070422536
2 0.554 0.576056338028169 0.072 0.0647887323943662
