0 0.493 0.4174174174174174 0.15 0.39039039039039036
0 0.638 0.32732732732732733 0.16 0.3963963963963964
1 0.506 0.24624624624624625 0.056 0.05405405405405406
1 0.615 0.15165165165165165 0.046 0.03903903903903904
2 0.615 0.15165165165165165 0.046 0.03903903903903904
5 0.442 0.5930930930930931 0.044 0.03903903903903904
5 0.693 0.4774774774774775 0.05 0.0960960960960961
5 0.518 0.551051051051051 0.044 0.06906906906906907
7 0.498 0.43543543543543545 0.14 0.3003003003003003
7 0.648 0.32432432432432434 0.128 0.33633633633633636
