0 0.699 0.6280487804878049 0.274 0.7439024390243902
0 0.504 0.5365853658536586 0.14 0.5670731707317073
0 0.326 0.6387195121951219 0.132 0.7164634146341463
0 0.389 0.5914634146341463 0.082 0.6341463414634146
0 0.165 0.5762195121951219 0.242 0.8414634146341463
0 0.242 0.5533536585365854 0.108 0.49085365853658536
1 0.162 0.24847560975609756 0.156 0.17378048780487804
1 0.671 0.29878048780487804 0.086 0.08536585365853659
1 0.491 0.28353658536585363 0.046 0.06097560975609756
1 0.269 0.33384146341463417 0.046 0.057926829268292686
1 0.339 0.31859756097560976 0.07 0.07621951219512195
1 0.38 0.30640243902439024 0.052 0.06402439024390244
5 0.54 0.7987804878048781 0.032 0.03048780487804878
5 0.472 0.8003048780487805 0.032 0.039634146341463415
5 0.271 0.7759146341463414 0.046 0.04573170731707317
5 0.401 0.8765243902439024 0.034 0.057926829268292686
