0 0.094 0.6122754491017964 0.184 0.7694610778443114
0 0.857 0.6122754491017964 0.286 0.7035928143712575
0 0.71 0.5973053892215568 0.152 0.7574850299401198
0 0.231 0.5748502994011976 0.198 0.844311377245509
0 0.479 0.6182634730538922 0.206 0.7574850299401198
0 0.344 0.6182634730538922 0.132 0.7574850299401198
0 0.57 0.6032934131736527 0.116 0.7215568862275449
0 0.631 0.5523952095808383 0.106 0.5898203592814372
5 0.413 0.8547904191616766 0.03 0.038922155688622756
5 0.602 0.9416167664670658 0.04 0.05089820359281437
5 0.344 0.8937125748502994 0.028 0.04491017964071856
