0 0.12704918032786885 0.4938080495356037 0.1885245901639344 0.4117647058823529
0 0.3719262295081967 0.47058823529411764 0.14549180327868852 0.29721362229102166
0 0.5327868852459017 0.43034055727554177 0.11475409836065574 0.21052631578947367
0 0.6475409836065574 0.47058823529411764 0.20491803278688525 0.42724458204334365
1 0.6762295081967213 0.3111455108359133 0.06967213114754098 0.1021671826625387
1 0.4057377049180328 0.35294117647058826 0.040983606557377046 0.06191950464396285
1 0.10860655737704918 0.34210526315789475 0.06967213114754098 0.10835913312693499
1 0.4969262295081967 0.35758513931888547 0.0389344262295082 0.06501547987616099
2 0.7172131147540983 0.6424148606811145 0.03278688524590164 0.06501547987616099
2 0.6372950819672131 0.6176470588235294 0.036885245901639344 0.06501547987616099
2 0.07479508196721311 0.5820433436532507 0.0389344262295082 0.06811145510835913
2 0.48668032786885246 0.5 0.022540983606557378 0.04643962848297214
2 0.13422131147540983 0.6780185758513931 0.03483606557377049 0.043343653250773995
2 0.42315573770491804 0.5046439628482973 0.022540983606557378 0.043343653250773995
2 0.5081967213114754 0.4938080495356037 0.020491803278688523 0.04643962848297214
2 0.4354508196721312 0.47213622291021673 0.022540983606557378 0.04024767801857585
5 0.7254098360655737 0.6811145510835913 0.03278688524590164 0.043343653250773995
7 0.6475409836065574 0.4907120743034056 0.20491803278688525 0.3065015479876161
7 0.12807377049180327 0.5263157894736842 0.19057377049180327 0.29102167182662536
7 0.35963114754098363 0.44891640866873067 0.11270491803278689 0.16718266253869968
6 0.5440573770491803 0.42724458204334365 0.07991803278688525 0.15479876160990713
