0 0.873 0.6388888888888888 0.206 0.7222222222222222
0 0.208 0.6882716049382716 0.112 0.6234567901234568
0 0.704 0.6759259259259259 0.144 0.6419753086419753
0 0.035 0.6141975308641975 0.07 0.30246913580246915
0 0.447 0.5879629629629629 0.402 0.8179012345679012
0 0.281 0.5864197530864198 0.054 0.29012345679012347
0 0.132 0.6141975308641975 0.052 0.30246913580246915
0 0.387 0.7129629629629629 0.118 0.5740740740740741
1 0.545 0.24074074074074073 0.114 0.11728395061728394
1 0.735 0.4027777777777778 0.07 0.09567901234567901
1 0.2 0.4104938271604938 0.064 0.07407407407407407
1 0.032 0.47685185185185186 0.028 0.033950617283950615
1 0.129 0.47685185185185186 0.03 0.033950617283950615
1 0.278 0.46141975308641975 0.028 0.033950617283950615
1 0.861 0.33641975308641975 0.094 0.11728395061728394
5 0.034 0.7546296296296297 0.028 0.021604938271604937
5 0.396 0.9614197530864198 0.052 0.05246913580246913
5 0.286 0.7175925925925926 0.044 0.021604938271604937
5 0.137 0.7484567901234568 0.026 0.033950617283950615
