0 0.51 0.5555555555555556 0.248 0.8828828828828829
0 0.406 0.43843843843843844 0.168 0.8588588588588588
0 0.82 0.42342342342342343 0.124 0.5465465465465466
0 0.93 0.3963963963963964 0.088 0.24024024024024024
1 0.451 0.07357357357357357 0.078 0.12312312312312312
1 0.547 0.16816816816816818 0.082 0.10810810810810811
5 0.6 0.9324324324324325 0.052 0.07507507507507508
5 0.409 0.8273273273273273 0.078 0.07507507507507508
5 0.773 0.6771771771771772 0.026 0.03903903903903904
5 0.843 0.6636636636636637 0.042 0.036036036036036036
5 0.522 0.9579579579579579 0.056 0.07807807807807808
5 0.435 0.7522522522522522 0.074 0.05105105105105105
