0 0.386 0.6606606606606606 0.232 0.6786786786786787
0 0.17 0.6606606606606606 0.248 0.6786786786786787
0 0.625 0.6396396396396397 0.27 0.7207207207207207
0 0.746 0.6546546546546547 0.448 0.6906906906906907
1 0.22 0.3888888888888889 0.14 0.13513513513513514
1 0.811 0.36936936936936937 0.142 0.12012012012012012
1 0.615 0.35285285285285284 0.106 0.14714714714714713
1 0.406 0.3843843843843844 0.1 0.12612612612612611
6 0.17 0.7357357357357357 0.248 0.5285285285285285
6 0.791 0.7267267267267268 0.358 0.5405405405405406
6 0.624 0.7117117117117117 0.268 0.5405405405405406
6 0.394 0.7297297297297297 0.232 0.5045045045045045
