0 0.583 0.6194690265486725 0.102 0.35398230088495575
0 0.504 0.5058997050147492 0.192 0.23303834808259588
0 0.615 0.8849557522123894 0.082 0.23008849557522124
1 0.562 0.504424778761062 0.032 0.05309734513274336
1 0.567 0.4085545722713864 0.034 0.038348082595870206
2 0.591 0.4690265486725664 0.022 0.0471976401179941
5 0.59 0.9572271386430679 0.028 0.032448377581120944
5 0.467 0.6091445427728613 0.03 0.02654867256637168
5 0.422 0.48525073746312686 0.024 0.02654867256637168
6 0.515 0.4631268436578171 0.078 0.10619469026548672
6 0.567 0.5781710914454278 0.062 0.14749262536873156
6 0.618 0.8657817109144543 0.068 0.12094395280235988
