0 0.647 0.6456456456456456 0.278 0.7087087087087087
0 0.379 0.5675675675675675 0.294 0.8108108108108109
1 0.394 0.3063063063063063 0.076 0.10810810810810811
1 0.672 0.33633633633633636 0.1 0.09009009009009009
2 0.74 0.9114114114114115 0.064 0.0990990990990991
2 0.537 0.6261261261261262 0.054 0.06306306306306306
2 0.493 0.6426426426426426 0.066 0.06606606606606606
2 0.252 0.20270270270270271 0.032 0.06906906906906907
7 0.374 0.5795795795795796 0.276 0.5945945945945946
7 0.674 0.7147147147147147 0.228 0.5585585585585585
