0 0.415 0.6452095808383234 0.278 0.7095808383233533
0 0.803 0.6362275449101796 0.214 0.7275449101796407
0 0.945 0.655688622754491 0.11 0.688622754491018
0 0.242 0.6347305389221557 0.18 0.7305389221556886
0 0.673 0.6811377245508982 0.158 0.6377245508982036
0 0.118 0.6302395209580839 0.212 0.7395209580838323
1 0.806 0.3278443113772455 0.12 0.11676646706586827
1 0.956 0.35179640718562877 0.088 0.08682634730538923
1 0.248 0.31736526946107785 0.096 0.09580838323353294
1 0.057 0.28892215568862273 0.082 0.08083832335329341
1 0.675 0.42664670658682635 0.09 0.12874251497005987
