0 0.0450281425891182 0.5483333333333333 0.0900562851782364 0.51
0 0.18761726078799248 0.49 0.13133208255159476 0.6
0 0.5431519699812383 0.41833333333333333 0.07692307692307693 0.25
0 0.39118198874296434 0.46 0.12195121951219512 0.4
0 0.7607879924953096 0.62 0.17448405253283303 0.7533333333333333
0 0.46716697936210133 0.375 0.08630393996247655 0.20333333333333334
0 0.33583489681050654 0.49 0.1951219512195122 0.4533333333333333
1 0.20637898686679174 0.24666666666666667 0.08630393996247655 0.10666666666666667
1 0.7270168855534709 0.2966666666666667 0.07692307692307693 0.09333333333333334
1 0.0225140712945591 0.32666666666666666 0.0450281425891182 0.06
1 0.5440900562851783 0.32 0.04127579737335835 0.06
1 0.30393996247654786 0.31166666666666665 0.075046904315197 0.09
1 0.4774859287054409 0.30333333333333334 0.043151969981238276 0.06
1 0.4090056285178236 0.2966666666666667 0.0675422138836773 0.07333333333333333
5 0.06378986866791744 0.78 0.04127579737335835 0.03333333333333333
7 0.7607879924953096 0.6933333333333334 0.17448405253283303 0.6
7 0.18574108818011256 0.56 0.13133208255159476 0.4533333333333333
6 0.29924953095684803 0.55 0.11819887429643527 0.32666666666666666
