0 0.27 0.5645645645645646 0.224 0.7867867867867868
0 0.885 0.5315315315315315 0.202 0.9369369369369369
0 0.449 0.4984984984984985 0.102 0.6366366366366366
0 0.735 0.5525525525525525 0.238 0.8948948948948949
0 0.561 0.5465465465465466 0.166 0.9069069069069069
1 0.526 0.14264264264264265 0.088 0.09309309309309309
1 0.844 0.12762762762762764 0.108 0.12312312312312312
1 0.455 0.21021021021021022 0.054 0.06006006006006006
1 0.692 0.1996996996996997 0.144 0.1891891891891892
5 0.275 0.9309309309309309 0.038 0.05405405405405406
5 0.343 0.8873873873873874 0.046 0.05105105105105105
5 0.453 0.7882882882882883 0.042 0.04504504504504504
5 0.434 0.7342342342342343 0.036 0.03903903903903904
