0 0.417 0.6746987951807228 0.134 0.6265060240963856
0 0.113 0.6987951807228916 0.122 0.5783132530120482
0 0.912 0.5707831325301205 0.1 0.47289156626506024
0 0.533 0.6716867469879518 0.142 0.6506024096385542
0 0.968 0.6144578313253012 0.064 0.4879518072289157
0 0.654 0.7093373493975904 0.136 0.5753012048192772
0 0.261 0.6822289156626506 0.142 0.5993975903614458
0 0.331 0.5813253012048193 0.062 0.35542168674698793
0 0.455 0.5798192771084337 0.058 0.37650602409638556
1 0.983 0.39006024096385544 0.034 0.045180722891566265
1 0.917 0.3689759036144578 0.038 0.045180722891566265
5 0.142 0.9397590361445783 0.028 0.04819277108433735
5 0.562 0.9427710843373494 0.024 0.05421686746987952
5 0.982 0.8373493975903614 0.024 0.03614457831325301
5 0.09 0.9743975903614458 0.024 0.03313253012048193
5 0.266 0.9608433734939759 0.024 0.03614457831325301
5 0.453 0.9698795180722891 0.046 0.024096385542168676
5 0.522 0.9789156626506024 0.024 0.03614457831325301
5 0.637 0.9939759036144579 0.026 0.012048192771084338
5 0.734 0.8493975903614458 0.02 0.024096385542168676
5 0.911 0.7966867469879518 0.022 0.02108433734939759
5 0.239 0.9352409638554217 0.022 0.0391566265060241
5 0.394 0.9728915662650602 0.028 0.030120481927710843
5 0.317 0.75 0.022 0.018072289156626505
5 0.205 0.8629518072289156 0.026 0.05120481927710843
5 0.668 0.9909638554216867 0.024 0.018072289156626505
5 0.933 0.7816265060240963 0.014 0.02108433734939759
5 0.588 0.8554216867469879 0.016 0.024096385542168676
