0 0.105 0.6066666666666667 0.206 0.7866666666666666
0 0.682 0.648 0.152 0.704
0 0.274 0.6306666666666667 0.136 0.7333333333333333
0 0.863 0.6226666666666667 0.17 0.6266666666666667
0 0.593 0.5906666666666667 0.102 0.5733333333333334
0 0.941 0.6626666666666666 0.118 0.6746666666666666
1 0.11 0.27066666666666667 0.152 0.11466666666666667
1 0.272 0.30266666666666664 0.096 0.07733333333333334
1 0.946 0.37066666666666664 0.072 0.09066666666666667
2 0.327 0.5106666666666667 0.026 0.056
5 0.81 0.8546666666666667 0.064 0.04
5 0.885 0.912 0.034 0.048
5 0.3 0.952 0.056 0.048
5 0.025 0.8626666666666667 0.042 0.034666666666666665
5 0.595 0.8546666666666667 0.05 0.04533333333333334
5 0.572 0.816 0.048 0.032
5 0.263 0.992 0.07 0.016
