0 0.503125 0.825 0.184375 0.340625
0 0.22734375 0.684375 0.1796875 0.41875
0 0.6765625 0.696875 0.15 0.51875
0 0.50546875 0.5890625 0.0703125 0.165625
1 0.696875 0.465625 0.05 0.05625
1 0.27421875 0.50625 0.0390625 0.059375
1 0.509375 0.5203125 0.028125 0.025
1 0.425 0.73046875 0.034375 0.0859375
2 0.28984375 0.690625 0.0203125 0.03125
2 0.640625 0.740625 0.04375 0.05
2 0.484375 0.903125 0.034375 0.06875
5 0.290625 0.8625 0.05 0.059375
5 0.61171875 0.875 0.0390625 0.04375
5 0.68984375 0.91796875 0.0421875 0.0765625
7 0.5265625 0.825 0.140625 0.3375
7 0.68125 0.7375 0.140625 0.41875
7 0.221875 0.69609375 0.1625 0.3703125
7 0.22734375 0.684375 0.1796875 0.415625
