0 0.868 0.6803030303030303 0.152 0.6393939393939394
0 0.712 0.6863636363636364 0.156 0.6272727272727273
0 0.939 0.6893939393939394 0.114 0.6212121212121212
0 0.313 0.5060606060606061 0.086 0.2545454545454545
0 0.749 0.5 0.118 0.3939393939393939
0 0.79 0.44696969696969696 0.084 0.20909090909090908
0 0.957 0.5696969696969697 0.086 0.46060606060606063
0 0.957 0.4803030303030303 0.086 0.2818181818181818
0 0.542 0.5015151515151515 0.124 0.30606060606060603
0 0.542 0.6712121212121213 0.124 0.6454545454545455
0 0.373 0.46060606060606063 0.066 0.2545454545454545
