0 0.178 0.688622754491018 0.092 0.38323353293413176
0 0.712 0.7155688622754491 0.14 0.5688622754491018
0 0.507 0.7050898203592815 0.118 0.5538922155688623
0 0.344 0.655688622754491 0.092 0.3413173652694611
0 0.652 0.6392215568862275 0.068 0.36227544910179643
0 0.756 0.5359281437125748 0.048 0.16766467065868262
0 0.609 0.5508982035928144 0.038 0.15568862275449102
0 0.556 0.6407185628742516 0.068 0.3712574850299401
0 0.307 0.6317365269461078 0.042 0.2694610778443114
0 0.881 0.48952095808383234 0.014 0.06287425149700598
