0 0.3 0.5435435435435435 0.104 0.4024024024024024
0 0.724 0.5795795795795796 0.124 0.5105105105105106
0 0.56 0.5315315315315315 0.08 0.4264264264264264
0 0.618 0.5585585585585585 0.084 0.43843843843843844
0 0.46 0.5285285285285285 0.076 0.4024024024024024
0 0.669 0.5165165165165165 0.046 0.34234234234234234
0 0.42 0.5135135135135135 0.06 0.35435435435435436
0 0.772 0.5435435435435435 0.064 0.42042042042042044
0 0.357 0.5255255255255256 0.066 0.33633633633633636
0 0.374 0.4954954954954955 0.044 0.29429429429429427
