0 0.275 0.7563218390804598 0.134 0.48735632183908045
0 0.686 0.7149425287356321 0.124 0.3954022988505747
0 0.843 0.5793103448275863 0.054 0.11954022988505747
0 0.504 0.7689655172413793 0.12 0.46206896551724136
0 0.757 0.674712643678161 0.07 0.27816091954022987
0 0.947 0.7091954022988506 0.106 0.3931034482758621
0 0.151 0.7114942528735633 0.09 0.3839080459770115
0 0.062 0.7448275862068966 0.12 0.5011494252873563
0 0.575 0.7045977011494253 0.09 0.36091954022988504
0 0.398 0.6609195402298851 0.08 0.2827586206896552
0 0.432 0.7091954022988506 0.1 0.3563218390804598
0 0.092 0.7195402298850575 0.096 0.4
0 0.912 0.6988505747126437 0.1 0.30344827586206896
0 0.234 0.728735632183908 0.076 0.38620689655172413
