0 0.1378640776699029 0.62 0.15145631067961166 0.56
0 0.7388349514563107 0.64 0.18446601941747573 0.7133333333333334
0 0.2737864077669903 0.6533333333333333 0.13203883495145632 0.66
0 0.05728155339805825 0.5333333333333333 0.06407766990291262 0.3
0 0.41067961165048544 0.6166666666666667 0.12233009708737864 0.6533333333333333
0 0.587378640776699 0.6716666666666666 0.141747572815534 0.6566666666666666
0 0.6776699029126214 0.59 0.11650485436893204 0.78
0 0.5223300970873787 0.5766666666666667 0.08932038834951456 0.5666666666666667
0 0.3446601941747573 0.5966666666666667 0.06407766990291262 0.5133333333333333
0 0.4786407766990291 0.56 0.06407766990291262 0.5
