0 0.06 0.556 0.116 0.584
0 0.5 0.5146666666666667 0.132 0.5546666666666666
0 0.177 0.5066666666666667 0.142 0.592
0 0.934 0.5786666666666667 0.132 0.656
0 0.313 0.5146666666666667 0.114 0.5866666666666667
0 0.801 0.6226666666666667 0.19 0.6213333333333333
0 0.619 0.45866666666666667 0.126 0.5866666666666667
0 0.235 0.4146666666666667 0.078 0.536
0 0.435 0.36666666666666664 0.106 0.44533333333333336
0 0.68 0.43466666666666665 0.08 0.528
0 0.744 0.5026666666666667 0.192 0.664
0 0.771 0.18266666666666667 0.078 0.14133333333333334
0 0.373 0.49066666666666664 0.102 0.592
0 0.857 0.5066666666666667 0.09 0.576
