0 0.3453125 0.665625 0.06875 0.215625
0 0.08359375 0.64375 0.0546875 0.15
0 0.24375 0.64609375 0.053125 0.1265625
0 0.340625 0.9375 0.059375 0.125
0 0.64609375 0.409375 0.0578125 0.1625
1 0.3453125 0.571875 0.028125 0.025
1 0.08671875 0.58125 0.0234375 0.021875
1 0.659375 0.33984375 0.021875 0.0171875
1 0.234375 0.590625 0.01875 0.01875
5 0.321875 0.759375 0.01875 0.025
5 0.353125 0.759375 0.01875 0.025
7 0.34296875 0.6734375 0.0703125 0.159375
7 0.08359375 0.6546875 0.0515625 0.121875
7 0.23984375 0.65234375 0.0453125 0.0984375
6 0.65234375 0.3921875 0.0484375 0.075
