0 0.31 0.7226666666666667 0.16 0.5546666666666666
0 0.053 0.7106666666666667 0.102 0.5733333333333334
0 0.535 0.6746666666666666 0.11 0.44266666666666665
0 0.652 0.6546666666666666 0.1 0.38133333333333336
0 0.804 0.6346666666666667 0.096 0.3626666666666667
0 0.717 0.6106666666666667 0.07 0.304
1 0.314 0.4706666666666667 0.06 0.050666666666666665
1 0.045 0.45866666666666667 0.086 0.064
1 0.534 0.4746666666666667 0.04 0.042666666666666665
1 0.81 0.4706666666666667 0.036 0.034666666666666665
1 0.706 0.4786666666666667 0.032 0.034666666666666665
1 0.731 0.4786666666666667 0.03 0.034666666666666665
1 0.651 0.4866666666666667 0.03 0.04
1 0.767 0.4826666666666667 0.022 0.02666666666666667
2 0.315 0.7306666666666667 0.03 0.042666666666666665
5 0.56 0.8306666666666667 0.028 0.04533333333333334
5 0.362 0.9426666666666667 0.052 0.06666666666666667
5 0.507 0.8746666666666667 0.05 0.032
5 0.686 0.7946666666666666 0.028 0.048
5 0.789 0.7786666666666666 0.026 0.016
5 0.821 0.8066666666666666 0.026 0.018666666666666668
5 0.62 0.8306666666666667 0.028 0.029333333333333333
5 0.257 0.9946666666666667 0.054 0.010666666666666666
5 0.759 0.7266666666666667 0.014 0.018666666666666668
5 0.722 0.7506666666666667 0.024 0.029333333333333333
6 0.043 0.6626666666666666 0.086 0.296
6 0.302 0.6546666666666666 0.108 0.25866666666666666
6 0.532 0.6026666666666667 0.092 0.18133333333333335
6 0.641 0.6026666666666667 0.07 0.14933333333333335
6 0.709 0.5786666666666667 0.054 0.13333333333333333
6 0.811 0.5786666666666667 0.058 0.13333333333333333
