0 0.659375 0.596875 0.140625 0.55
0 0.08359375 0.6078125 0.1453125 0.559375
0 0.8875 0.625 0.146875 0.725
0 0.534375 0.59375 0.13125 0.55
0 0.234375 0.578125 0.115625 0.490625
0 0.3546875 0.58984375 0.13125 0.5859375
5 0.8859375 0.9640625 0.0625 0.046875
5 0.84609375 0.909375 0.0578125 0.034375
5 0.278125 0.7984375 0.025 0.034375
5 0.134375 0.834375 0.04375 0.025
5 0.3875 0.84921875 0.025 0.0359375
5 0.228125 0.80625 0.0375 0.03125
5 0.57109375 0.85234375 0.0234375 0.0296875
5 0.08125 0.871875 0.028125 0.028125
5 0.50859375 0.821875 0.0390625 0.071875
5 0.67734375 0.84921875 0.0390625 0.0390625
5 0.340625 0.8625 0.025 0.0375
5 0.65 0.84921875 0.034375 0.0421875
