0 0.28236397748592873 0.495 0.21575984990619138 0.81
0 0.4437148217636023 0.54 0.11819887429643527 0.6133333333333333
0 0.33864915572232646 0.5166666666666667 0.13320825515947468 0.6866666666666666
1 0.425891181988743 0.2683333333333333 0.04127579737335835 0.07
1 0.3705440900562852 0.2 0.043151969981238276 0.06666666666666667
1 0.3574108818011257 0.14833333333333334 0.054409005628517824 0.09
5 0.3452157598499062 0.8116666666666666 0.05628517823639775 0.09666666666666666
5 0.48686679174484054 0.8066666666666666 0.03189493433395872 0.07333333333333333
5 0.40337711069418386 0.8166666666666667 0.03377110694183865 0.06666666666666667
5 0.2073170731707317 0.8316666666666667 0.039399624765478425 0.11666666666666667
5 0.274859287054409 0.8316666666666667 0.11069418386491557 0.15
