0 0.677 0.6152597402597403 0.114 0.4577922077922078
0 0.578 0.5762987012987013 0.096 0.3474025974025974
0 0.709 0.5633116883116883 0.07 0.37337662337662336
0 0.54 0.5211038961038961 0.036 0.21103896103896103
1 0.572 0.42045454545454547 0.036 0.03571428571428571
1 0.667 0.41233766233766234 0.042 0.03896103896103896
1 0.693 0.3961038961038961 0.034 0.03896103896103896
1 0.543 0.4253246753246753 0.022 0.025974025974025976
5 0.657 0.8035714285714286 0.038 0.02922077922077922
5 0.578 0.7353896103896104 0.02 0.02922077922077922
5 0.704 0.8262987012987013 0.028 0.03571428571428571
