0 0.63 0.7108433734939759 0.116 0.46987951807228917
0 0.476 0.7093373493975904 0.088 0.4789156626506024
1 0.648 0.5015060240963856 0.052 0.05120481927710843
1 0.472 0.49849397590361444 0.052 0.05120481927710843
2 0.608 0.6596385542168675 0.024 0.030120481927710843
2 0.6 0.625 0.028 0.02710843373493976
2 0.512 0.6686746987951807 0.016 0.03614457831325301
2 0.491 0.6566265060240963 0.034 0.030120481927710843
5 0.463 0.9382530120481928 0.034 0.02108433734939759
5 0.495 0.9367469879518072 0.034 0.024096385542168676
6 0.47 0.6475903614457831 0.076 0.1927710843373494
6 0.649 0.6370481927710844 0.078 0.1897590361445783
