0 0.132 0.6606606606606606 0.156 0.6726726726726727
0 0.553 0.5945945945945946 0.138 0.5945945945945946
0 0.758 0.5495495495495496 0.076 0.3783783783783784
1 0.517 0.3408408408408408 0.054 0.08108108108108109
1 0.108 0.3633633633633634 0.064 0.08408408408408409
1 0.752 0.38288288288288286 0.036 0.04504504504504504
2 0.6 0.36186186186186187 0.036 0.057057057057057055
2 0.6 0.5855855855855856 0.044 0.08408408408408409
2 0.179 0.5795795795795796 0.054 0.07807807807807808
5 0.178 0.9474474474474475 0.06 0.03303303303303303
2 0.754 0.4864864864864865 0.056 0.04804804804804805
