0 0.394 0.6156156156156156 0.104 0.4444444444444444
0 0.937 0.6216216216216216 0.102 0.4084084084084084
0 0.542 0.5945945945945946 0.084 0.3783783783783784
0 0.644 0.6096096096096096 0.096 0.4144144144144144
0 0.789 0.6306306306306306 0.102 0.43243243243243246
0 0.716 0.6246246246246246 0.076 0.37237237237237236
0 0.831 0.5885885885885885 0.07 0.34234234234234234
0 0.6 0.5735735735735735 0.048 0.3003003003003003
0 0.362 0.5915915915915916 0.064 0.33633633633633636
1 0.722 0.45795795795795796 0.032 0.03303303303303303
1 0.392 0.4084084084084084 0.032 0.036036036036036036
1 0.786 0.4339339339339339 0.036 0.03903903903903904
1 0.642 0.42492492492492495 0.036 0.03903903903903904
1 0.607 0.43543543543543545 0.022 0.03003003003003003
5 0.403 0.8213213213213213 0.022 0.03303303303303303
5 0.636 0.7912912912912913 0.024 0.03303303303303303
5 0.565 0.7552552552552553 0.018 0.03303303303303303
5 0.833 0.7477477477477478 0.018 0.024024024024024024
5 0.962 0.8063063063063063 0.028 0.03303303303303303
5 0.537 0.7702702702702703 0.026 0.02702702702702703
5 0.767 0.8303303303303303 0.026 0.02702702702702703
5 0.913 0.7747747747747747 0.018 0.036036036036036036
5 0.672 0.7942942942942943 0.02 0.03903903903903904
5 0.373 0.8093093093093093 0.026 0.04504504504504504
5 0.795 0.8048048048048048 0.026 0.04804804804804805
5 0.716 0.7537537537537538 0.02 0.06606606606606606
5 0.613 0.7102102102102102 0.014 0.021021021021021023
5 0.37 0.8123123123123123 0.02 0.03903903903903904
5 0.734 0.7672672672672672 0.02 0.08108108108108109
5 0.593 0.7012012012012012 0.018 0.021021021021021023
