0 0.139 0.5615615615615616 0.218 0.8768768768768769
0 0.531 0.5285285285285285 0.138 0.7267267267267268
0 0.857 0.6156156156156156 0.246 0.7687687687687688
0 0.367 0.5735735735735735 0.158 0.8528528528528528
0 0.451 0.5585585585585585 0.11 0.8048048048048048
5 0.46 0.9069069069069069 0.076 0.036036036036036036
5 0.416 0.9324324324324325 0.044 0.05105105105105105
5 0.488 0.8618618618618619 0.032 0.06006006006006006
5 0.566 0.8498498498498499 0.064 0.05405405405405406
6 0.866 0.6336336336336337 0.212 0.36036036036036034
