0 0.808 0.6666666666666666 0.172 0.6666666666666666
0 0.635 0.6936936936936937 0.142 0.6126126126126126
0 0.946 0.7057057057057057 0.108 0.5885885885885885
0 0.501 0.6816816816816816 0.138 0.6366366366366366
0 0.376 0.6936936936936937 0.136 0.6126126126126126
0 0.199 0.6966966966966966 0.154 0.6066066066066066
0 0.283 0.7057057057057057 0.122 0.5885885885885885
1 0.817 0.3783783783783784 0.078 0.09009009009009009
1 0.224 0.42042042042042044 0.052 0.06006006006006006
1 0.289 0.43993993993993996 0.058 0.057057057057057055
1 0.631 0.42792792792792794 0.066 0.07507507507507508
1 0.374 0.42792792792792794 0.06 0.06906906906906907
1 0.488 0.3978978978978979 0.072 0.06906906906906907
1 0.988 0.4444444444444444 0.024 0.06606606606606606
5 0.147 0.975975975975976 0.034 0.042042042042042045
