0 0.313 0.5521126760563381 0.17 0.6704225352112676
0 0.507 0.5802816901408451 0.174 0.6704225352112676
0 0.759 0.6084507042253521 0.306 0.7436619718309859
0 0.147 0.604225352112676 0.166 0.7183098591549296
0 0.785 0.5704225352112676 0.114 0.6676056338028169
0 0.169 0.5577464788732395 0.13 0.6816901408450704
5 0.265 0.8633802816901408 0.03 0.036619718309859155
5 0.799 0.8802816901408451 0.03 0.04225352112676056
5 0.362 0.8422535211267606 0.072 0.03943661971830986
5 0.473 0.8366197183098592 0.054 0.14647887323943662
5 0.54 0.8323943661971831 0.044 0.13802816901408452
5 0.672 0.8492957746478873 0.072 0.1267605633802817
5 0.733 0.8873239436619719 0.058 0.16901408450704225
5 0.157 0.8802816901408451 0.114 0.15492957746478872
