0 0.1875 0.5734375 0.375 0.85
0 0.83046875 0.58046875 0.3390625 0.8359375
0 0.94921875 0.3453125 0.0953125 0.178125
0 0.4734375 0.73984375 0.25625 0.5171875
0 0.3015625 0.4078125 0.1875 0.403125
0 0.68125 0.5 0.171875 0.7
0 0.47734375 0.3875 0.1421875 0.35
1 0.81171875 0.28671875 0.1984375 0.2453125
1 0.14296875 0.234375 0.1671875 0.171875
1 0.5375 0.2375 0.05 0.05625
1 0.48125 0.240625 0.0625 0.059375
1 0.38671875 0.27109375 0.0546875 0.0640625
1 0.684375 0.20859375 0.096875 0.1140625
1 0.60625 0.23046875 0.08125 0.1046875
2 0.53671875 0.6171875 0.0546875 0.06875
2 0.390625 0.70546875 0.04375 0.0984375
5 0.559375 0.934375 0.078125 0.128125
5 0.44609375 0.9640625 0.0828125 0.06875
7 0.83359375 0.70859375 0.3296875 0.5765625
7 0.48046875 0.415625 0.1421875 0.190625
