0 0.3 0.5435435435435435 0.104 0.4024024024024024
0 0.724 0.5795795795795796 0.124 0.5105105105105106
0 0.56 0.5315315315315315 0.08 0.4264264264264264
0 0.618 0.5585585585585585 0.084 0.43843843843843844
0 0.46 0.5285285285285285 0.076 0.4024024024024024
0 0.669 0.5165165165165165 0.046 0.34234234234234234
0 0.42 0.5135135135135135 0.06 0.35435435435435436
0 0.772 0.5435435435435435 0.064 0.42042042042042044
0 0.357 0.5255255255255256 0.066 0.33633633633633636
0 0.374 0.4954954954954955 0.044 0.29429429429429427
5 0.324 0.7252252252252253 0.024 0.021021021021021023
5 0.687 0.7897897897897898 0.046 0.024024024024024024
5 0.276 0.7252252252252253 0.02 0.03303303303303303
5 0.483 0.7162162162162162 0.018 0.02702702702702703
5 0.728 0.8198198198198198 0.028 0.03003003003003003
5 0.784 0.7372372372372372 0.024 0.02702702702702703
5 0.373 0.6771771771771772 0.018 0.021021021021021023
5 0.536 0.7237237237237237 0.032 0.024024024024024024
5 0.343 0.6711711711711712 0.03 0.021021021021021023
5 0.582 0.7312312312312312 0.016 0.021021021021021023
5 0.441 0.7087087087087087 0.038 0.024024024024024024
5 0.63 0.7687687687687688 0.036 0.024024024024024024
5 0.429 0.6816816816816816 0.022 0.024024024024024024
5 0.601 0.7522522522522522 0.046 0.021021021021021023
5 0.661 0.6756756756756757 0.022 0.024024024024024024
