0 0.814 0.6706666666666666 0.136 0.568
0 0.389 0.6426666666666667 0.134 0.48533333333333334
0 0.322 0.6106666666666667 0.1 0.464
0 0.452 0.5906666666666667 0.088 0.49333333333333335
0 0.505 0.6466666666666666 0.126 0.52
0 0.686 0.6386666666666667 0.112 0.5413333333333333
0 0.612 0.6466666666666666 0.112 0.536
0 0.748 0.6466666666666666 0.1 0.5093333333333333
0 0.406 0.4106666666666667 0.04 0.09066666666666667
0 0.566 0.6146666666666667 0.064 0.4666666666666667
5 0.363 0.8706666666666667 0.026 0.029333333333333333
5 0.311 0.8266666666666667 0.038 0.02666666666666667
5 0.512 0.8866666666666667 0.032 0.034666666666666665
5 0.604 0.8986666666666666 0.048 0.037333333333333336
5 0.428 0.8666666666666667 0.024 0.02666666666666667
5 0.756 0.888 0.032 0.032
5 0.782 0.9106666666666666 0.048 0.04
5 0.818 0.9346666666666666 0.052 0.04
5 0.576 0.88 0.04 0.032
5 0.672 0.8906666666666667 0.044 0.037333333333333336
5 0.463 0.8586666666666667 0.042 0.032
5 0.719 0.868 0.046 0.024
5 0.647 0.86 0.03 0.024
5 0.551 0.8346666666666667 0.03 0.02666666666666667
