0 0.345 0.45542168674698796 0.238 0.44819277108433736
0 0.509 0.5120481927710844 0.11 0.44096385542168676
0 0.625 0.6313253012048192 0.146 0.4578313253012048
0 0.795 0.6686746987951807 0.194 0.4506024096385542
0 0.73 0.6626506024096386 0.136 0.5397590361445783
0 0.449 0.3530120481927711 0.11 0.2819277108433735
1 0.421 0.236144578313253 0.05 0.04819277108433735
1 0.807 0.46987951807228917 0.058 0.05301204819277108
1 0.329 0.25783132530120484 0.054 0.04819277108433735
1 0.727 0.4493975903614458 0.058 0.04096385542168675
2 0.243 0.42650602409638555 0.03 0.03855421686746988
5 0.78 0.9012048192771084 0.032 0.06265060240963856
5 0.678 0.8409638554216867 0.04 0.03855421686746988
5 0.731 0.8361445783132531 0.062 0.07228915662650602
5 0.906 0.8132530120481928 0.028 0.0746987951807229
5 0.502 0.708433734939759 0.032 0.04819277108433735
5 0.531 0.6686746987951807 0.054 0.06987951807228916
7 0.343 0.4566265060240964 0.234 0.44096385542168676
7 0.508 0.5084337349397591 0.112 0.36626506024096384
7 0.82 0.6831325301204819 0.116 0.3542168674698795
7 0.725 0.6433734939759036 0.118 0.35180722891566263
