0 0.7288888888888889 0.4096989966555184 0.12 0.2709030100334448
0 0.14 0.43645484949832775 0.21333333333333335 0.8662207357859532
0 0.5977777777777777 0.3996655518394649 0.10222222222222223 0.24414715719063546
0 0.52 0.5752508361204013 0.3022222222222222 0.842809364548495
0 0.2611111111111111 0.2625418060200669 0.13555555555555557 0.4180602006688963
0 0.26 0.2140468227424749 0.13333333333333333 0.3210702341137124
1 0.11666666666666667 0.033444816053511704 0.1 0.06688963210702341
1 0.6922222222222222 0.3110367892976589 0.042222222222222223 0.07357859531772576
5 0.21555555555555556 0.8244147157190636 0.06666666666666667 0.07023411371237458
5 0.09777777777777778 0.8377926421404682 0.05333333333333334 0.06354515050167224
5 0.7488888888888889 0.5267558528428093 0.04 0.03678929765886288
