0 0.518 0.4462686567164179 0.072 0.2656716417910448
0 0.608 0.8522388059701492 0.068 0.2835820895522388
0 0.326 0.2044776119402985 0.072 0.3253731343283582
0 0.454 0.6074626865671642 0.068 0.1044776119402985
1 0.507 0.32985074626865674 0.026 0.03283582089552239
1 0.446 0.5716417910447761 0.028 0.03283582089552239
1 0.587 0.7298507462686568 0.026 0.03283582089552239
1 0.306 0.05373134328358209 0.024 0.029850746268656716
2 0.323 0.06567164179104477 0.018 0.023880597014925373
5 0.33 0.3537313432835821 0.024 0.026865671641791045
