0 0.753 0.5746666666666667 0.202 0.6586666666666666
0 0.483 0.5826666666666667 0.266 0.6266666666666667
0 0.181 0.62 0.358 0.76
1 0.154 0.2826666666666667 0.112 0.09066666666666667
1 0.533 0.30666666666666664 0.086 0.06933333333333333
2 0.593 0.6626666666666666 0.038 0.06133333333333333
2 0.043 0.7746666666666666 0.062 0.07733333333333334
2 0.342 0.5586666666666666 0.036 0.04
2 0.688 0.49466666666666664 0.032 0.04
2 0.374 0.5666666666666667 0.048 0.06133333333333333
5 0.562 0.8746666666666667 0.056 0.042666666666666665
5 0.795 0.796 0.03 0.056
