0 0.693 0.6106666666666667 0.138 0.6026666666666667
0 0.239 0.6946666666666667 0.166 0.6053333333333333
0 0.585 0.5946666666666667 0.098 0.45866666666666667
0 0.496 0.5826666666666667 0.08 0.408
0 0.406 0.6186666666666667 0.104 0.448
0 0.342 0.6386666666666667 0.088 0.52
5 0.652 0.864 0.052 0.032
5 0.478 0.7666666666666667 0.032 0.034666666666666665
5 0.61 0.8 0.024 0.032
5 0.522 0.7706666666666667 0.02 0.032
5 0.423 0.8066666666666666 0.03 0.029333333333333333
5 0.562 0.8066666666666666 0.048 0.034666666666666665
5 0.373 0.8226666666666667 0.022 0.034666666666666665
5 0.367 0.8586666666666667 0.038 0.037333333333333336
5 0.73 0.904 0.032 0.032
