0 0.118 0.6392215568862275 0.156 0.218562874251497
0 0.229 0.6182634730538922 0.106 0.17065868263473055
0 0.517 0.8008982035928144 0.242 0.39820359281437123
0 0.427 0.5823353293413174 0.09 0.1467065868263473
0 0.333 0.5973053892215568 0.082 0.17664670658682635
0 0.558 0.5673652694610778 0.064 0.11676646706586827
0 0.634 0.7455089820359282 0.132 0.39520958083832336
0 0.757 0.6721556886227545 0.138 0.218562874251497
0 0.732 0.6422155688622755 0.1 0.19461077844311378
0 0.757 0.7020958083832335 0.138 0.27844311377245506
