0 0.613 0.5165165165165165 0.166 0.33633633633633636
0 0.44 0.5315315315315315 0.112 0.16816816816816818
0 0.519 0.5195195195195195 0.114 0.23423423423423423
1 0.426 0.4774774774774775 0.036 0.06006006006006006
1 0.485 0.4369369369369369 0.046 0.06906906906906907
1 0.566 0.3813813813813814 0.052 0.07207207207207207
5 0.448 0.5975975975975976 0.024 0.03003003003003003
5 0.606 0.6516516516516516 0.032 0.036036036036036036
5 0.653 0.6606606606606606 0.026 0.04804804804804805
5 0.517 0.6216216216216216 0.038 0.03003003003003003
6 0.627 0.5075075075075075 0.138 0.21021021021021022
6 0.447 0.5285285285285285 0.094 0.15615615615615616
6 0.528 0.5165165165165165 0.096 0.16816816816816818
