0 0.567 0.6489675516224189 0.194 0.7020648967551623
0 0.442 0.6637168141592921 0.14 0.5781710914454278
0 0.234 0.6150442477876106 0.092 0.41002949852507375
0 0.348 0.6283185840707964 0.1 0.49557522123893805
5 0.443 0.9262536873156342 0.042 0.04129793510324484
5 0.223 0.8067846607669616 0.038 0.02654867256637168
5 0.653 0.8289085545722714 0.038 0.02359882005899705
5 0.269 0.7625368731563422 0.018 0.04424778761061947
5 0.497 0.9292035398230089 0.022 0.04129793510324484
5 0.361 0.855457227138643 0.022 0.029498525073746312
