0 0.762 0.5495495495495496 0.372 0.8708708708708709
0 0.343 0.5435435435435435 0.55 0.8348348348348348
1 0.527 0.2087087087087087 0.09 0.15915915915915915
1 0.694 0.1891891891891892 0.136 0.15015015015015015
2 0.596 0.6126126126126126 0.044 0.07807807807807808
5 0.12 0.9114114114114115 0.096 0.09309309309309309
5 0.729 0.9204204204204204 0.154 0.11711711711711711
5 0.494 0.7537537537537538 0.104 0.06606606606606606
5 0.908 0.8393393393393394 0.08 0.17717717717717718
6 0.779 0.4954954954954955 0.298 0.45645645645645644
6 0.369 0.37237237237237236 0.258 0.3003003003003003
