0 0.33125 0.3627450980392157 0.125 0.4789915966386555
0 0.628125 0.48179271708683474 0.11041666666666666 0.5882352941176471
0 0.5291666666666667 0.3599439775910364 0.1 0.4173669467787115
0 0.6927083333333334 0.35014005602240894 0.11875 0.4649859943977591
0 0.6666666666666666 0.35014005602240894 0.17083333333333334 0.4649859943977591
5 0.36354166666666665 0.5742296918767507 0.052083333333333336 0.022408963585434174
5 0.60625 0.7521008403361344 0.0625 0.047619047619047616
5 0.315625 0.5826330532212886 0.027083333333333334 0.0392156862745098
5 0.6583333333333333 0.7282913165266106 0.05 0.0392156862745098
5 0.559375 0.5588235294117647 0.022916666666666665 0.025210084033613446
5 0.503125 0.542016806722689 0.035416666666666666 0.04201680672268908
5 0.7010416666666667 0.5546218487394958 0.03958333333333333 0.028011204481792718
5 0.7395833333333334 0.5714285714285714 0.025 0.03361344537815126
