0 0.767 0.5315315315315315 0.114 0.4924924924924925
0 0.659 0.5165165165165165 0.122 0.5225225225225225
0 0.256 0.5375375375375375 0.096 0.4804804804804805
0 0.333 0.5195195195195195 0.13 0.5285285285285285
0 0.518 0.5195195195195195 0.184 0.5225225225225225
0 0.418 0.5105105105105106 0.092 0.5285285285285285
0 0.149 0.5225225225225225 0.21 0.5165165165165165
0 0.862 0.5285285285285285 0.124 0.5105105105105106
0 0.575 0.5195195195195195 0.102 0.5165165165165165
5 0.78 0.7627627627627628 0.036 0.024024024024024024
5 0.736 0.7612612612612613 0.02 0.02702702702702703
5 0.594 0.7627627627627628 0.02 0.024024024024024024
5 0.4 0.7552552552552553 0.02 0.02702702702702703
5 0.272 0.7597597597597597 0.032 0.03003003003003003
5 0.14 0.7567567567567568 0.02 0.042042042042042045
5 0.554 0.7612612612612613 0.02 0.02702702702702703
5 0.436 0.7612612612612613 0.02 0.021021021021021023
5 0.23 0.7627627627627628 0.024 0.024024024024024024
5 0.471 0.7627627627627628 0.026 0.036036036036036036
