0 0.601 0.5544692737430168 0.114 0.41620111731843573
0 0.477 0.5642458100558659 0.09 0.4134078212290503
0 0.692 0.5335195530726257 0.076 0.2849162011173184
0 0.394 0.6662011173184358 0.172 0.6396648044692738
1 0.47 0.3784916201117318 0.044 0.04189944134078212
1 0.602 0.36731843575418993 0.044 0.04748603351955307
1 0.373 0.38687150837988826 0.074 0.07541899441340782
1 0.683 0.40502793296089384 0.03 0.0335195530726257
2 0.625 0.5796089385474861 0.022 0.036312849162011177
2 0.572 0.5740223463687151 0.012 0.030726256983240222
2 0.717 0.5418994413407822 0.014 0.027932960893854747
2 0.39 0.7332402234636871 0.032 0.04748603351955307
2 0.508 0.5963687150837989 0.016 0.030726256983240222
2 0.323 0.659217877094972 0.018 0.03910614525139665
2 0.435 0.5726256983240223 0.01 0.027932960893854747
2 0.662 0.5167597765363129 0.012 0.0223463687150838
2 0.327 0.6606145251396648 0.026 0.04189944134078212
5 0.461 0.8491620111731844 0.038 0.07262569832402235
5 0.343 0.9581005586592178 0.07 0.055865921787709494
5 0.565 0.75 0.042 0.025139664804469275
5 0.628 0.7304469273743017 0.02 0.019553072625698324
5 0.479 0.7541899441340782 0.022 0.027932960893854747
5 0.675 0.6550279329608939 0.022 0.019553072625698324
5 0.694 0.659217877094972 0.012 0.027932960893854747
7 0.394 0.6983240223463687 0.164 0.4972067039106145
7 0.606 0.5796089385474861 0.104 0.3324022346368715
7 0.691 0.5432960893854749 0.074 0.21508379888268156
7 0.476 0.585195530726257 0.092 0.3268156424581006
