0 0.753 0.7207207207207207 0.102 0.3963963963963964
0 0.635 0.7237237237237237 0.09 0.4624624624624625
0 0.13 0.7237237237237237 0.124 0.5465465465465466
0 0.924 0.7447447447447447 0.136 0.5045045045045045
0 0.281 0.7327327327327328 0.114 0.5285285285285285
0 0.546 0.7597597597597597 0.092 0.4744744744744745
0 0.222 0.7357357357357357 0.104 0.4744744744744745
0 0.412 0.7387387387387387 0.096 0.5165165165165165
0 0.962 0.7642642642642643 0.076 0.4594594594594595
0 0.367 0.7312312312312312 0.058 0.44744744744744747
0 0.511 0.6951951951951952 0.054 0.35135135135135137
0 0.04 0.7462462462462462 0.076 0.4954954954954955
0 0.962 0.6981981981981982 0.076 0.3213213213213213
0 0.465 0.7117117117117117 0.082 0.4144144144144144
1 0.631 0.5165165165165165 0.038 0.04804804804804805
1 0.758 0.5435435435435435 0.032 0.036036036036036036
1 0.379 0.53003003003003 0.03 0.03903903903903904
5 0.764 0.9039039039039038 0.028 0.03003003003003003
5 0.711 0.9039039039039038 0.018 0.024024024024024024
5 0.663 0.9354354354354354 0.034 0.02702702702702703
5 0.223 0.9579579579579579 0.03 0.03003003003003003
5 0.566 0.9624624624624625 0.044 0.02702702702702703
5 0.619 0.9429429429429429 0.018 0.024024024024024024
5 0.534 0.975975975975976 0.032 0.036036036036036036
5 0.485 0.8933933933933934 0.042 0.02702702702702703
5 0.444 0.8993993993993994 0.016 0.03303303303303303
5 0.03 0.9834834834834835 0.052 0.021021021021021023
5 0.497 0.8618618618618619 0.014 0.018018018018018018
5 0.36 0.9384384384384384 0.02 0.02702702702702703
