0 0.809 0.808955223880597 0.142 0.3761194029850746
0 0.257 0.7164179104477612 0.038 0.15522388059701492
0 0.593 0.6044776119402985 0.078 0.21791044776119403
0 0.472 0.5522388059701493 0.056 0.16119402985074627
0 0.632 0.7268656716417911 0.036 0.23582089552238805
1 0.795 0.6477611940298508 0.05 0.05373134328358209
1 0.592 0.5134328358208955 0.024 0.03582089552238806
1 0.488 0.4835820895522388 0.02 0.029850746268656716
1 0.253 0.6462686567164179 0.014 0.014925373134328358
1 0.63 0.6208955223880597 0.02 0.023880597014925373
