0 0.1378640776699029 0.62 0.15145631067961166 0.56
0 0.7388349514563107 0.64 0.18446601941747573 0.7133333333333334
0 0.2737864077669903 0.6533333333333333 0.13203883495145632 0.66
0 0.05728155339805825 0.5333333333333333 0.06407766990291262 0.3
0 0.41067961165048544 0.6166666666666667 0.12233009708737864 0.6533333333333333
0 0.587378640776699 0.6716666666666666 0.141747572815534 0.6566666666666666
0 0.6776699029126214 0.59 0.11650485436893204 0.78
0 0.5223300970873787 0.5766666666666667 0.08932038834951456 0.5666666666666667
0 0.3446601941747573 0.5966666666666667 0.06407766990291262 0.5133333333333333
0 0.4786407766990291 0.56 0.06407766990291262 0.5
1 0.1262135922330097 0.36666666666666664 0.04660194174757282 0.04666666666666667
1 0.3951456310679612 0.31833333333333336 0.04854368932038835 0.05
1 0.7563106796116504 0.325 0.07572815533980583 0.08333333333333333
1 0.529126213592233 0.31666666666666665 0.040776699029126215 0.04666666666666667
1 0.5805825242718446 0.37333333333333335 0.05825242718446602 0.06
1 0.3407766990291262 0.36333333333333334 0.040776699029126215 0.05333333333333334
1 0.48058252427184467 0.33 0.036893203883495145 0.04
1 0.059223300970873784 0.3983333333333333 0.02524271844660194 0.03
1 0.6757281553398058 0.26166666666666666 0.07378640776699029 0.12333333333333334
1 0.27184466019417475 0.35333333333333333 0.05436893203883495 0.06
2 0.4601941747572815 0.6416666666666667 0.027184466019417475 0.06333333333333334
2 0.1796116504854369 0.6333333333333333 0.017475728155339806 0.04
2 0.36310679611650487 0.66 0.02330097087378641 0.06
2 0.5330097087378641 0.715 0.02524271844660194 0.06333333333333334
2 0.25922330097087376 0.43333333333333335 0.02524271844660194 0.05333333333333334
2 0.6446601941747573 0.715 0.019417475728155338 0.06333333333333334
5 0.12815533980582525 0.8833333333333333 0.02330097087378641 0.04
5 0.18737864077669902 0.8583333333333333 0.04466019417475728 0.03
5 0.45048543689320386 0.9 0.031067961165048542 0.06666666666666667
5 0.31359223300970873 0.9616666666666667 0.03300970873786408 0.05
5 0.5145631067961165 0.8366666666666667 0.03495145631067961 0.04
5 0.570873786407767 0.96 0.05825242718446602 0.04666666666666667
5 0.5563106796116505 0.8383333333333334 0.017475728155339806 0.03
5 0.683495145631068 0.9616666666666667 0.04271844660194175 0.03666666666666667
5 0.27475728155339807 0.95 0.02524271844660194 0.04
5 0.32815533980582523 0.83 0.02330097087378641 0.03333333333333333
5 0.3796116504854369 0.9116666666666666 0.040776699029126215 0.056666666666666664
5 0.6271844660194175 0.9866666666666667 0.031067961165048542 0.02666666666666667
5 0.05631067961165048 0.67 0.02330097087378641 0.02
5 0.4650485436893204 0.795 0.017475728155339806 0.03
5 0.49902912621359224 0.7983333333333333 0.019417475728155338 0.03
6 0.1262135922330097 0.5233333333333333 0.08155339805825243 0.16
6 0.05436893203883495 0.4866666666666667 0.038834951456310676 0.09333333333333334
6 0.2650485436893204 0.555 0.08349514563106795 0.17
6 0.4 0.505 0.08932038834951456 0.17
6 0.33980582524271846 0.5116666666666667 0.05436893203883495 0.15
6 0.5271844660194175 0.4716666666666667 0.05631067961165048 0.12333333333333334
6 0.583495145631068 0.58 0.08737864077669903 0.2
6 0.7407766990291262 0.5783333333333334 0.12233009708737864 0.29
6 0.6805825242718446 0.42833333333333334 0.07572815533980583 0.19
