0 0.83125 0.5411985018726592 0.3275 0.9176029962546817
0 0.22125 0.5599250936329588 0.3175 0.8726591760299626
0 0.5525 0.5880149812734082 0.335 0.8239700374531835
0 0.10875 0.5955056179775281 0.1525 0.8014981273408239
0 0.41375 0.6179775280898876 0.1575 0.7640449438202247
1 0.82875 0.16104868913857678 0.1475 0.149812734082397
1 0.58625 0.24531835205992508 0.1175 0.13108614232209737
1 0.4375 0.2883895131086142 0.09 0.10486891385767791
1 0.1275 0.24531835205992508 0.095 0.10861423220973783
1 0.26875 0.20411985018726592 0.1325 0.16104868913857678
