0 0.41 0.5645645645645646 0.124 0.4744744744744745
0 0.944 0.6906906906906907 0.112 0.6186186186186187
0 0.556 0.6066066066066066 0.252 0.7207207207207207
1 0.486 0.2972972972972973 0.072 0.1021021021021021
1 0.377 0.3633633633633634 0.054 0.07807807807807808
1 0.942 0.4099099099099099 0.064 0.057057057057057055
2 0.905 0.7207207207207207 0.022 0.13813813813813813
2 0.437 0.5585585585585585 0.038 0.07807807807807808
2 0.362 0.5825825825825826 0.024 0.07207207207207207
5 0.414 0.7582582582582582 0.032 0.08708708708708708
5 0.622 0.8768768768768769 0.104 0.16216216216216217
5 0.928 0.9069069069069069 0.068 0.18618618618618618
