0 0.099 0.5645645645645646 0.118 0.6006006006006006
0 0.505 0.6696696696696697 0.198 0.4444444444444444
0 0.318 0.6156156156156156 0.164 0.4984984984984985
0 0.429 0.5135135135135135 0.078 0.5045045045045045
0 0.481 0.5465465465465466 0.09 0.4804804804804805
0 0.38 0.5435435435435435 0.088 0.5285285285285285
0 0.322 0.5195195195195195 0.08 0.5045045045045045
0 0.481 0.42042042042042044 0.09 0.22822822822822822
1 0.571 0.4774774774774775 0.062 0.06606606606606606
1 0.499 0.3333333333333333 0.05 0.05405405405405406
1 0.443 0.2882882882882883 0.046 0.05405405405405406
1 0.336 0.29429429429429427 0.052 0.05405405405405406
1 0.094 0.2852852852852853 0.056 0.04804804804804805
1 0.395 0.3063063063063063 0.05 0.06006006006006006
1 0.365 0.4039039039039039 0.054 0.06906906906906907
5 0.32 0.8423423423423423 0.06 0.03903903903903904
5 0.124 0.8423423423423423 0.064 0.03903903903903904
5 0.509 0.8663663663663663 0.07 0.03903903903903904
5 0.371 0.8033033033033034 0.05 0.02702702702702703
5 0.441 0.8528528528528528 0.062 0.036036036036036036
5 0.406 0.7927927927927928 0.04 0.024024024024024024
5 0.08 0.8438438438438438 0.024 0.03003003003003003
5 0.429 0.7507507507507507 0.038 0.024024024024024024
7 0.321 0.6126126126126126 0.174 0.4924924924924925
