0 0.602 0.6101694915254238 0.176 0.7740112994350282
0 0.387 0.6073446327683616 0.242 0.7853107344632768
0 0.508 0.4731638418079096 0.128 0.53954802259887
1 0.505 0.2288135593220339 0.05 0.05084745762711865
1 0.613 0.2655367231638418 0.074 0.07909604519774012
1 0.382 0.268361581920904 0.088 0.1016949152542373
5 0.587 0.942090395480226 0.034 0.0480225988700565
5 0.432 0.9463276836158192 0.032 0.06779661016949153
5 0.541 0.7231638418079096 0.03 0.03954802259887006
5 0.495 0.6963276836158192 0.022 0.03672316384180791
