0 0.704 0.5906666666666667 0.14 0.6
0 0.321 0.668 0.234 0.664
0 0.419 0.5626666666666666 0.098 0.4746666666666667
0 0.497 0.6226666666666667 0.202 0.6426666666666667
0 0.59 0.5626666666666666 0.104 0.49066666666666664
1 0.7 0.32266666666666666 0.068 0.058666666666666666
1 0.267 0.37866666666666665 0.102 0.09066666666666667
1 0.58 0.3426666666666667 0.052 0.04533333333333334
1 0.51 0.33066666666666666 0.072 0.064
1 0.42 0.3466666666666667 0.048 0.042666666666666665
5 0.486 0.9266666666666666 0.028 0.04
5 0.663 0.8466666666666667 0.054 0.034666666666666665
5 0.548 0.9146666666666666 0.032 0.042666666666666665
5 0.407 0.784 0.022 0.032
5 0.97 0.8826666666666667 0.06 0.02666666666666667
5 0.618 0.7946666666666666 0.028 0.021333333333333333
5 0.743 0.8626666666666667 0.03 0.056
