0 0.167 0.6422155688622755 0.142 0.7095808383233533
0 0.039 0.6377245508982036 0.074 0.718562874251497
0 0.829 0.657185628742515 0.166 0.6796407185628742
0 0.962 0.5793413173652695 0.076 0.39221556886227543
0 0.397 0.6002994011976048 0.138 0.6077844311377245
0 0.604 0.6407185628742516 0.18 0.7125748502994012
0 0.714 0.625748502994012 0.116 0.5808383233532934
0 0.492 0.5988023952095808 0.092 0.49700598802395207
1 0.408 0.3263473053892216 0.056 0.059880239520958084
1 0.2 0.3278443113772455 0.068 0.08682634730538923
1 0.84 0.3532934131736527 0.076 0.07784431137724551
1 0.036 0.32335329341317365 0.072 0.08982035928143713
1 0.59 0.3203592814371258 0.072 0.07784431137724551
1 0.739 0.36676646706586824 0.054 0.0688622754491018
1 0.969 0.4041916167664671 0.042 0.03592814371257485
5 0.204 0.937125748502994 0.064 0.029940119760479042
5 0.363 0.8847305389221557 0.026 0.038922155688622756
5 0.148 0.9760479041916168 0.032 0.03592814371257485
5 0.42 0.8652694610778443 0.052 0.041916167664670656
5 0.508 0.8173652694610778 0.04 0.041916167664670656
5 0.457 0.8278443113772455 0.022 0.038922155688622756
5 0.961 0.7514970059880239 0.018 0.029940119760479042
5 0.682 0.8817365269461078 0.028 0.03293413173652695
5 0.989 0.7574850299401198 0.022 0.03592814371257485
7 0.165 0.6796407185628742 0.142 0.5808383233532934
7 0.829 0.6781437125748503 0.162 0.5059880239520959
7 0.585 0.6916167664670658 0.146 0.6047904191616766
7 0.397 0.6392215568862275 0.138 0.4940119760479042
1 0.514 0.3787425149700599 0.048 0.05089820359281437
