0 0.7479757085020243 0.5963855421686747 0.3097165991902834 0.8072289156626506
0 0.3896761133603239 0.5948795180722891 0.20040485829959515 0.8102409638554217
0 0.48279352226720645 0.5391566265060241 0.12753036437246965 0.5843373493975904
0 0.21963562753036436 0.4246987951807229 0.04251012145748988 0.21084337349397592
0 0.10323886639676114 0.6159638554216867 0.145748987854251 0.7680722891566265
0 0.12854251012145748 0.5753012048192772 0.19230769230769232 0.6746987951807228
5 0.08097165991902834 0.9819277108433735 0.05668016194331984 0.03614457831325301
5 0.5253036437246964 0.8087349397590361 0.04251012145748988 0.02710843373493976
5 0.13663967611336034 0.9487951807228916 0.08299595141700405 0.03614457831325301
5 0.19433198380566802 0.8704819277108434 0.05668016194331984 0.04819277108433735
5 0.4767206477732793 0.8840361445783133 0.022267206477732792 0.02710843373493976
