0 0.2111111111111111 0.535 0.4222222222222222 0.9233333333333333
0 0.8066666666666666 0.565 0.25333333333333335 0.8633333333333333
0 0.48 0.6016666666666667 0.29777777777777775 0.7966666666666666
0 0.6766666666666666 0.545 0.2866666666666667 0.91
1 0.7788888888888889 0.19666666666666666 0.14888888888888888 0.12
1 0.24 0.19166666666666668 0.24888888888888888 0.23
1 0.6077777777777778 0.18166666666666667 0.15333333333333332 0.18333333333333332
1 0.45666666666666667 0.3016666666666667 0.19333333333333333 0.19666666666666666
6 0.4822222222222222 0.7283333333333334 0.29333333333333333 0.53
7 0.7911111111111111 0.6683333333333333 0.22666666666666666 0.65
6 0.20777777777777778 0.7 0.4111111111111111 0.5933333333333334
6 0.65 0.6666666666666666 0.22 0.66
