0 0.459 0.4144144144144144 0.21 0.5765765765765766
0 0.669 0.4084084084084084 0.178 0.5765765765765766
0 0.248 0.4174174174174174 0.208 0.5645645645645646
1 0.332 0.27927927927927926 0.04 0.06606606606606606
1 0.464 0.2087087087087087 0.052 0.06306306306306306
1 0.673 0.23573573573573572 0.05 0.06906906906906907
2 0.253 0.2552552552552553 0.042 0.06006006006006006
2 0.674 0.14714714714714713 0.032 0.05405405405405406
2 0.469 0.15315315315315314 0.042 0.05405405405405406
2 0.595 0.16216216216216217 0.034 0.07207207207207207
2 0.602 0.24474474474474475 0.028 0.08108108108108109
5 0.373 0.6741741741741741 0.034 0.05105105105105105
