0 0.385 0.7632575757575758 0.37 0.4659090909090909
0 0.71125 0.7840909090909091 0.3575 0.4318181818181818
0 0.8475 0.5018939393939394 0.305 0.9962121212121212
1 0.93125 0.23106060606060605 0.1375 0.20454545454545456
1 0.29 0.7481060606060606 0.18 0.23106060606060605
1 0.78375 0.8238636363636364 0.1575 0.2537878787878788
2 0.52375 0.6041666666666666 0.0925 0.13257575757575757
2 0.725 0.026515151515151516 0.05 0.045454545454545456
2 0.6175 0.7215909090909091 0.1 0.1856060606060606
2 0.715 0.6287878787878788 0.08 0.18181818181818182
7 0.8725 0.5454545454545454 0.225 0.8106060606060606
