0 0.669 0.7484756097560976 0.102 0.49085365853658536
0 0.744 0.31859756097560976 0.124 0.38109756097560976
1 0.659 0.538109756097561 0.042 0.06402439024390244
1 0.733 0.16310975609756098 0.034 0.04573170731707317
2 0.711 0.7530487804878049 0.018 0.036585365853658534
2 0.796 0.16158536585365854 0.02 0.03048780487804878
2 0.79 0.22865853658536586 0.02 0.036585365853658534
2 0.63 0.7484756097560976 0.012 0.039634146341463415
5 0.66 0.9512195121951219 0.032 0.04878048780487805
5 0.709 0.49085365853658536 0.046 0.03048780487804878
5 0.695 0.9710365853658537 0.038 0.04573170731707317
