0 0.533 0.5811359026369168 0.154 0.4239350912778905
0 0.272 0.7322515212981744 0.372 0.5354969574036511
0 0.777 0.4847870182555781 0.318 0.4908722109533469
0 0.336 0.4239350912778905 0.184 0.25963488843813387
1 0.731 0.2657200811359026 0.07 0.0486815415821501
1 0.371 0.32150101419878296 0.082 0.05070993914807302
1 0.548 0.39148073022312374 0.056 0.04462474645030426
1 0.377 0.5 0.094 0.07505070993914807
2 0.642 0.47971602434077076 0.048 0.05070993914807302
2 0.585 0.5152129817444219 0.046 0.032454361054766734
2 0.432 0.8093306288032455 0.044 0.032454361054766734
2 0.125 0.6612576064908722 0.074 0.056795131845841784
5 0.511 0.7789046653144016 0.07 0.032454361054766734
7 0.518 0.6014198782961461 0.124 0.3671399594320487
6 0.784 0.3813387423935091 0.296 0.17849898580121704
