0 0.766 0.5075075075075075 0.292 0.984984984984985
0 0.174 0.5825825825825826 0.288 0.6366366366366366
0 0.49 0.3183183183183183 0.236 0.5225225225225225
1 0.763 0.07507507507507508 0.114 0.12012012012012012
1 0.512 0.13363363363363365 0.084 0.14114114114114115
1 0.157 0.3213213213213213 0.106 0.10810810810810811
2 0.653 0.5645645645645646 0.066 0.10810810810810811
2 0.779 0.5855855855855856 0.054 0.11411411411411411
2 0.241 0.6216216216216216 0.074 0.07207207207207207
6 0.782 0.37237237237237236 0.248 0.45045045045045046
6 0.49 0.3633633633633634 0.236 0.37237237237237236
6 0.14 0.5795795795795796 0.208 0.3483483483483483
