0 0.36790123456790125 0.6074074074074074 0.18765432098765433 0.5259259259259259
0 0.8395061728395061 0.6388888888888888 0.21728395061728395 0.7148148148148148
0 0.4839506172839506 0.5574074074074075 0.11851851851851852 0.44814814814814813
0 0.6938271604938272 0.6222222222222222 0.09876543209876543 0.5555555555555556
0 0.6061728395061728 0.5814814814814815 0.1111111111111111 0.3851851851851852
1 0.6925925925925925 0.36666666666666664 0.04691358024691358 0.05185185185185185
1 0.8592592592592593 0.31851851851851853 0.08395061728395062 0.07407407407407407
1 0.4123456790123457 0.37407407407407406 0.04938271604938271 0.044444444444444446
1 0.4925925925925926 0.3537037037037037 0.037037037037037035 0.040740740740740744
1 0.6185185185185185 0.4148148148148148 0.037037037037037035 0.037037037037037035
5 0.3419753086419753 0.8537037037037037 0.027160493827160494 0.03333333333333333
5 0.7049382716049383 0.8796296296296297 0.027160493827160494 0.04814814814814815
5 0.7728395061728395 0.9203703703703704 0.07407407407407407 0.040740740740740744
5 0.6728395061728395 0.8185185185185185 0.04197530864197531 0.02962962962962963
5 0.4160493827160494 0.8296296296296296 0.03209876543209877 0.02962962962962963
5 0.8407407407407408 0.9629629629629629 0.037037037037037035 0.05925925925925926
5 0.5679012345679012 0.7648148148148148 0.0345679012345679 0.025925925925925925
5 0.49382716049382713 0.7481481481481481 0.02962962962962963 0.044444444444444446
5 0.6185185185185185 0.7648148148148148 0.022222222222222223 0.025925925925925925
5 0.44074074074074077 0.7666666666666667 0.027160493827160494 0.02962962962962963
5 0.4962962962962963 0.7555555555555555 0.024691358024691357 0.02962962962962963
