0 0.6966666666666667 0.648972602739726 0.12222222222222222 0.6541095890410958
0 0.29555555555555557 0.7174657534246576 0.19111111111111112 0.5171232876712328
1 0.6777777777777778 0.3578767123287671 0.06222222222222222 0.07876712328767123
1 0.3622222222222222 0.4982876712328767 0.05333333333333334 0.07191780821917808
2 0.7222222222222222 0.7071917808219178 0.02666666666666667 0.05136986301369863
2 0.6488888888888888 0.4623287671232877 0.03111111111111111 0.04794520547945205
5 0.7 0.952054794520548 0.06222222222222222 0.0410958904109589
5 0.23777777777777778 0.9554794520547946 0.07111111111111111 0.0410958904109589
5 0.6722222222222223 0.9195205479452054 0.042222222222222223 0.030821917808219176
7 0.7 0.6797945205479452 0.1111111111111111 0.5171232876712328
7 0.2777777777777778 0.7277397260273972 0.1511111111111111 0.4417808219178082
7 0.29777777777777775 0.7174657534246576 0.2 0.5171232876712328
7 0.6977777777777778 0.6438356164383562 0.12444444444444444 0.6575342465753424
2 0.3411111111111111 0.7277397260273972 0.03777777777777778 0.04452054794520548
