0 0.807 0.5459940652818991 0.226 0.9020771513353115
0 0.567 0.5816023738872403 0.226 0.8367952522255193
0 0.415 0.6275964391691394 0.166 0.744807121661721
0 0.187 0.6083086053412463 0.322 0.7833827893175074
1 0.755 0.1632047477744807 0.122 0.13056379821958458
1 0.265 0.2626112759643917 0.086 0.09198813056379822
1 0.548 0.2195845697329377 0.092 0.10089020771513353
1 0.436 0.32047477744807124 0.08 0.13056379821958458
1 0.653 0.2507418397626113 0.078 0.08011869436201781
7 0.568 0.5667655786350149 0.224 0.516320474777448
