0 0.34296875 0.5421875 0.0859375 0.41875
0 0.525 0.5328125 0.109375 0.490625
0 0.40234375 0.51796875 0.0703125 0.3390625
0 0.453125 0.503125 0.053125 0.265625
0 0.571875 0.5 0.06875 0.43125
1 0.33984375 0.353125 0.0359375 0.040625
1 0.396875 0.36875 0.028125 0.040625
1 0.559375 0.31171875 0.034375 0.0515625
1 0.521875 0.30859375 0.0375 0.0421875
1 0.440625 0.384375 0.025 0.025
5 0.51875 0.76484375 0.025 0.0265625
5 0.465625 0.60625 0.01875 0.028125
5 0.4 0.675 0.021875 0.021875
5 0.440625 0.62734375 0.015625 0.0140625
5 0.34375 0.7375 0.021875 0.025
5 0.54375 0.74375 0.01875 0.034375
5 0.421875 0.68125 0.01875 0.015625
5 0.575 0.646875 0.01875 0.015625
5 0.35859375 0.715625 0.0171875 0.025
