0 0.1625 0.49375 0.165625 0.784375
0 0.77109375 0.64296875 0.1265625 0.5671875
0 0.6375 0.55 0.15 0.51875
0 0.47421875 0.490625 0.1359375 0.628125
0 0.5859375 0.496875 0.109375 0.496875
0 0.31484375 0.51171875 0.1265625 0.5953125
0 0.39296875 0.45625 0.1203125 0.44375
1 0.784375 0.396875 0.053125 0.06875
1 0.475 0.225 0.046875 0.090625
1 0.3984375 0.2625 0.034375 0.04375
1 0.31796875 0.24921875 0.0453125 0.0671875
1 0.1703125 0.14609375 0.059375 0.0890625
1 0.60625 0.290625 0.04375 0.08125
2 0.2625 0.5734375 0.01875 0.040625
2 0.66875 0.6375 0.025 0.05625
2 0.36171875 0.54921875 0.0296875 0.0359375
2 0.1171875 0.5625 0.028125 0.0625
2 0.77734375 0.446875 0.0359375 0.040625
2 0.5265625 0.50546875 0.025 0.0234375
2 0.115625 0.55 0.028125 0.0875
2 0.5796875 0.4375 0.021875 0.03125
2 0.8 0.725 0.025 0.040625
5 0.5 0.7453125 0.0375 0.115625
5 0.2828125 0.75546875 0.03125 0.1015625
5 0.21875 0.778125 0.040625 0.0875
5 0.4421875 0.74921875 0.04375 0.1078125
5 0.35859375 0.753125 0.0296875 0.109375
5 0.134375 0.825 0.04375 0.125
5 0.6125 0.70546875 0.028125 0.0796875
5 0.553125 0.7 0.04375 0.0875
5 0.6625 0.7671875 0.0375 0.040625
5 0.78359375 0.89375 0.0265625 0.028125
5 0.68671875 0.7828125 0.0484375 0.05625
6 0.465625 0.4125 0.125 0.26875
6 0.15546875 0.36875 0.1484375 0.3125
6 0.471875 0.41171875 0.13125 0.2609375
3 0.77734375 0.44921875 0.0390625 0.0421875
6 0.309375 0.4609375 0.109375 0.253125
6 0.4 0.40546875 0.06875 0.2078125
6 0.59921875 0.434375 0.0859375 0.196875
6 0.76875 0.58359375 0.109375 0.2484375
7 0.66171875 0.56875 0.1015625 0.365625
