0 0.565625 0.61796875 0.275 0.6078125
0 0.77734375 0.61484375 0.2390625 0.6984375
0 0.2828125 0.5640625 0.36875 0.725
1 0.565625 0.340625 0.1 0.05625
1 0.3796875 0.321875 0.10625 0.065625
5 0.365625 0.9078125 0.09375 0.028125
5 0.484375 0.89375 0.10625 0.04375
5 0.65546875 0.89609375 0.0953125 0.0453125
5 0.728125 0.909375 0.09375 0.0375
5 0.771875 0.9375 0.065625 0.05
1 0.71484375 0.30234375 0.1171875 0.0671875
6 0.31875 0.46796875 0.2125 0.2296875
6 0.5515625 0.503125 0.225 0.190625
6 0.7875 0.47734375 0.215625 0.2265625
