0 0.3015625 0.50859375 0.278125 0.9734375
0 0.7046875 0.5171875 0.409375 0.965625
1 0.68125 0.0734375 0.06875 0.078125
1 0.31796875 0.065625 0.0671875 0.090625
2 0.19296875 0.50234375 0.0546875 0.0890625
2 0.88359375 0.3375 0.0453125 0.059375
2 0.525 0.08671875 0.05 0.0828125
2 0.41484375 0.16796875 0.0484375 0.0953125
5 0.20859375 0.946875 0.0796875 0.090625
5 0.67109375 0.95234375 0.0765625 0.0953125
5 0.31484375 0.93984375 0.1078125 0.0890625
5 0.7625 0.95625 0.05 0.0875
7 0.7125 0.515625 0.384375 0.83125
7 0.284375 0.53671875 0.25 0.7984375
