1 0.31746031746031744 0.1674641148325359 0.29629629629629634 0.2966507177033493
1 0.5026455026455027 0.31578947368421045 0.19047619047619047 0.19138755980861244
2 0.47354497354497355 0.5191387559808612 0.14285714285714285 0.10047846889952154
2 0.9417989417989417 0.05741626794258373 0.13756613756613756 0.11483253588516747
5 0.22486772486772486 0.9521531100478469 0.1111111111111111 0.10526315789473684
5 0.47354497354497355 0.7655502392344499 0.14285714285714285 0.11483253588516747
5 0.6349206349206349 0.7296650717703349 0.1693121693121693 0.09090909090909091
5 0.3439153439153439 0.8397129186602871 0.12698412698412698 0.11961722488038277
7 0.6111111111111113 0.5023923444976076 0.5026455026455027 0.5454545454545454
7 0.3862433862433862 0.45933014354066987 0.7407407407407407 0.8995215311004785
