1 0.9418604651162791 0.05021834061135371 0.2558139534883721 0.06550218340611352
1 0.37790697674418605 0.06331877729257641 0.43023255813953487 0.11790393013100436
2 0.47674418604651164 0.6048034934497817 0.18604651162790697 0.07423580786026202
2 0.0872093023255814 0.4890829694323144 0.10465116279069768 0.0611353711790393
2 0.7383720930232558 0.3537117903930131 0.05813953488372093 0.043668122270742356
2 0.11046511627906977 0.4912663755458515 0.1511627906976744 0.06550218340611352
5 0.8895348837209303 0.7860262008733624 0.22093023255813954 0.11353711790393015
5 0.20348837209302326 0.9563318777292577 0.4069767441860465 0.08733624454148471
5 0.9941860465116279 0.6375545851528385 0.12790697674418605 0.043668122270742356
7 0.5 0.5502183406113537 0.9534883720930233 0.777292576419214
7 0.9767441860465116 0.37336244541484714 0.5348837209302325 0.5109170305676856
